x	y	0.fitness	0.targets.dist.0.	0.targets.dist.1.	0.targets.dist.2.	5000.fitness	5000.targets.dist.0.	5000.targets.dist.1.	5000.targets.dist.2.	10000.fitness	10000.targets.dist.0.	10000.targets.dist.1.	10000.targets.dist.2.	15000.fitness	15000.targets.dist.0.	15000.targets.dist.1.	15000.targets.dist.2.	20000.fitness	20000.targets.dist.0.	20000.targets.dist.1.	20000.targets.dist.2.	25000.fitness	25000.targets.dist.0.	25000.targets.dist.1.	25000.targets.dist.2.	30000.fitness	30000.targets.dist.0.	30000.targets.dist.1.	30000.targets.dist.2.	40000.fitness	40000.targets.dist.0.	40000.targets.dist.1.	40000.targets.dist.2.	50000.fitness	50000.targets.dist.0.	50000.targets.dist.1.	50000.targets.dist.2.
0	0	nan	nan	nan	nan	nan	nan	nan	nan	nan	nan	nan	nan	nan	nan	nan	nan	nan	nan	nan	nan	nan	nan	nan	nan	nan	nan	nan	nan	nan	nan	nan	nan	nan	nan	nan	nan
0	1	nan	nan	nan	nan	nan	nan	nan	nan	nan	nan	nan	nan	nan	nan	nan	nan	nan	nan	nan	nan	nan	nan	nan	nan	nan	nan	nan	nan	nan	nan	nan	nan	nan	nan	nan	nan
0	2	nan	nan	nan	nan	nan	nan	nan	nan	nan	nan	nan	nan	nan	nan	nan	nan	nan	nan	nan	nan	nan	nan	nan	nan	nan	nan	nan	nan	nan	nan	nan	nan	nan	nan	nan	nan
0	3	nan	nan	nan	nan	nan	nan	nan	nan	nan	nan	nan	nan	nan	nan	nan	nan	nan	nan	nan	nan	nan	nan	nan	nan	nan	nan	nan	nan	nan	nan	nan	nan	nan	nan	nan	nan
0	4	nan	nan	nan	nan	nan	nan	nan	nan	nan	nan	nan	nan	nan	nan	nan	nan	nan	nan	nan	nan	nan	nan	nan	nan	nan	nan	nan	nan	nan	nan	nan	nan	nan	nan	nan	nan
0	5	6.059e+00	6.059e+00	6.166e+00	7.615e+00	3.030e+00	3.030e+00	4.947e+00	6.335e+00	1.985e+00	4.545e+00	1.985e+00	6.002e+00	1.970e+00	4.750e+00	1.970e+00	5.585e+00	1.567e+00	5.078e+00	1.567e+00	6.260e+00	1.567e+00	5.078e+00	1.567e+00	6.260e+00	1.567e+00	5.078e+00	1.567e+00	6.260e+00	1.406e+00	5.070e+00	1.406e+00	6.521e+00	1.406e+00	5.070e+00	1.406e+00	6.521e+00
0	6	nan	nan	nan	nan	nan	nan	nan	nan	nan	nan	nan	nan	nan	nan	nan	nan	nan	nan	nan	nan	nan	nan	nan	nan	nan	nan	nan	nan	nan	nan	nan	nan	nan	nan	nan	nan
0	7	nan	nan	nan	nan	nan	nan	nan	nan	nan	nan	nan	nan	nan	nan	nan	nan	nan	nan	nan	nan	nan	nan	nan	nan	nan	nan	nan	nan	nan	nan	nan	nan	nan	nan	nan	nan
0	8	nan	nan	nan	nan	nan	nan	nan	nan	nan	nan	nan	nan	nan	nan	nan	nan	nan	nan	nan	nan	nan	nan	nan	nan	nan	nan	nan	nan	nan	nan	nan	nan	nan	nan	nan	nan
0	9	nan	nan	nan	nan	nan	nan	nan	nan	nan	nan	nan	nan	nan	nan	nan	nan	nan	nan	nan	nan	nan	nan	nan	nan	nan	nan	nan	nan	nan	nan	nan	nan	nan	nan	nan	nan
0	10	nan	nan	nan	nan	nan	nan	nan	nan	nan	nan	nan	nan	nan	nan	nan	nan	nan	nan	nan	nan	nan	nan	nan	nan	nan	nan	nan	nan	nan	nan	nan	nan	nan	nan	nan	nan
1	0	nan	nan	nan	nan	nan	nan	nan	nan	nan	nan	nan	nan	nan	nan	nan	nan	nan	nan	nan	nan	nan	nan	nan	nan	nan	nan	nan	nan	nan	nan	nan	nan	nan	nan	nan	nan
1	1	6.607e+00	7.111e+00	6.607e+00	9.007e+00	2.191e+00	4.588e+00	2.191e+00	5.841e+00	1.862e+00	5.028e+00	1.862e+00	6.736e+00	1.744e+00	5.189e+00	1.744e+00	6.659e+00	1.650e+00	4.773e+00	1.650e+00	6.330e+00	1.596e+00	4.782e+00	1.596e+00	6.157e+00	1.469e+00	5.019e+00	1.469e+00	6.543e+00	1.469e+00	5.019e+00	1.469e+00	6.543e+00	1.469e+00	5.019e+00	1.469e+00	6.543e+00
1	2	6.341e+00	6.341e+00	6.485e+00	8.193e+00	2.822e+00	4.690e+00	2.822e+00	6.633e+00	1.569e+00	5.280e+00	1.569e+00	6.396e+00	1.569e+00	5.280e+00	1.569e+00	6.396e+00	1.541e+00	4.764e+00	1.541e+00	6.456e+00	1.541e+00	4.764e+00	1.541e+00	6.456e+00	1.514e+00	4.815e+00	1.514e+00	6.248e+00	1.514e+00	4.815e+00	1.514e+00	6.248e+00	1.505e+00	5.231e+00	1.505e+00	6.211e+00
1	3	5.737e+00	5.938e+00	5.737e+00	8.119e+00	2.415e+00	4.827e+00	2.415e+00	7.054e+00	1.793e+00	5.222e+00	1.793e+00	6.556e+00	1.551e+00	5.302e+00	1.551e+00	6.747e+00	1.551e+00	5.302e+00	1.551e+00	6.747e+00	1.492e+00	5.582e+00	1.492e+00	6.544e+00	1.452e+00	5.465e+00	1.452e+00	6.711e+00	1.452e+00	5.465e+00	1.452e+00	6.711e+00	1.452e+00	5.465e+00	1.452e+00	6.711e+00
1	4	6.024e+00	6.646e+00	6.024e+00	7.911e+00	2.654e+00	5.938e+00	2.654e+00	7.311e+00	2.065e+00	5.200e+00	2.065e+00	6.704e+00	1.479e+00	4.918e+00	1.479e+00	6.054e+00	1.479e+00	4.918e+00	1.479e+00	6.054e+00	1.479e+00	4.918e+00	1.479e+00	6.054e+00	1.479e+00	4.918e+00	1.479e+00	6.054e+00	1.233e+00	5.277e+00	1.233e+00	6.735e+00	1.233e+00	5.277e+00	1.233e+00	6.735e+00
1	5	nan	nan	nan	nan	nan	nan	nan	nan	nan	nan	nan	nan	nan	nan	nan	nan	nan	nan	nan	nan	nan	nan	nan	nan	nan	nan	nan	nan	nan	nan	nan	nan	nan	nan	nan	nan
1	6	6.494e+00	6.693e+00	6.494e+00	8.388e+00	2.380e+00	5.110e+00	2.380e+00	5.834e+00	1.607e+00	5.115e+00	1.607e+00	6.142e+00	1.607e+00	5.115e+00	1.607e+00	6.142e+00	1.607e+00	5.115e+00	1.607e+00	6.142e+00	1.343e+00	5.087e+00	1.343e+00	6.414e+00	1.343e+00	5.087e+00	1.343e+00	6.414e+00	1.343e+00	5.087e+00	1.343e+00	6.414e+00	1.157e+00	5.151e+00	1.157e+00	6.263e+00
1	7	6.937e+00	6.998e+00	6.937e+00	8.832e+00	2.293e+00	5.189e+00	2.293e+00	6.773e+00	2.293e+00	5.189e+00	2.293e+00	6.773e+00	1.796e+00	5.238e+00	1.796e+00	6.470e+00	1.791e+00	5.313e+00	1.791e+00	6.730e+00	1.756e+00	4.678e+00	1.756e+00	6.569e+00	1.614e+00	5.285e+00	1.614e+00	6.941e+00	1.500e+00	5.559e+00	1.500e+00	7.122e+00	1.500e+00	5.559e+00	1.500e+00	7.122e+00
1	8	5.973e+00	6.903e+00	5.973e+00	8.108e+00	2.348e+00	4.940e+00	2.348e+00	6.493e+00	1.969e+00	4.977e+00	1.969e+00	6.900e+00	1.960e+00	5.188e+00	1.960e+00	6.923e+00	1.390e+00	4.811e+00	1.390e+00	6.103e+00	1.390e+00	4.811e+00	1.390e+00	6.103e+00	1.359e+00	5.053e+00	1.359e+00	6.270e+00	1.359e+00	5.053e+00	1.359e+00	6.270e+00	1.279e+00	4.929e+00	1.279e+00	6.624e+00
1	9	6.737e+00	6.779e+00	6.737e+00	8.342e+00	2.204e+00	5.783e+00	2.204e+00	7.411e+00	1.919e+00	5.623e+00	1.919e+00	6.980e+00	1.887e+00	5.637e+00	1.887e+00	7.055e+00	1.675e+00	5.323e+00	1.675e+00	6.435e+00	1.644e+00	4.781e+00	1.644e+00	6.125e+00	1.514e+00	4.809e+00	1.514e+00	6.011e+00	1.319e+00	5.128e+00	1.319e+00	6.611e+00	1.319e+00	5.128e+00	1.319e+00	6.611e+00
1	10	nan	nan	nan	nan	nan	nan	nan	nan	nan	nan	nan	nan	nan	nan	nan	nan	nan	nan	nan	nan	nan	nan	nan	nan	nan	nan	nan	nan	nan	nan	nan	nan	nan	nan	nan	nan
2	0	nan	nan	nan	nan	nan	nan	nan	nan	nan	nan	nan	nan	nan	nan	nan	nan	nan	nan	nan	nan	nan	nan	nan	nan	nan	nan	nan	nan	nan	nan	nan	nan	nan	nan	nan	nan
2	1	6.094e+00	6.575e+00	6.094e+00	7.737e+00	2.509e+00	4.679e+00	2.509e+00	6.223e+00	1.702e+00	5.160e+00	1.702e+00	6.312e+00	1.636e+00	5.529e+00	1.636e+00	6.486e+00	1.559e+00	5.110e+00	1.559e+00	6.576e+00	1.559e+00	5.110e+00	1.559e+00	6.576e+00	1.559e+00	5.110e+00	1.559e+00	6.576e+00	1.251e+00	5.793e+00	1.251e+00	7.046e+00	1.251e+00	5.793e+00	1.251e+00	7.046e+00
2	2	6.070e+00	6.441e+00	6.070e+00	7.721e+00	2.630e+00	4.879e+00	2.630e+00	6.303e+00	1.997e+00	5.758e+00	1.997e+00	6.586e+00	1.706e+00	5.722e+00	1.706e+00	6.956e+00	1.396e+00	5.334e+00	1.396e+00	6.409e+00	1.396e+00	5.334e+00	1.396e+00	6.409e+00	1.396e+00	5.334e+00	1.396e+00	6.409e+00	1.316e+00	5.451e+00	1.316e+00	6.510e+00	1.316e+00	5.451e+00	1.316e+00	6.510e+00
2	3	6.058e+00	6.058e+00	6.492e+00	8.193e+00	1.904e+00	5.104e+00	1.904e+00	6.489e+00	1.537e+00	5.058e+00	1.537e+00	6.293e+00	1.537e+00	5.058e+00	1.537e+00	6.293e+00	1.537e+00	5.058e+00	1.537e+00	6.293e+00	1.357e+00	5.491e+00	1.357e+00	6.462e+00	1.357e+00	5.491e+00	1.357e+00	6.462e+00	1.357e+00	5.491e+00	1.357e+00	6.462e+00	1.342e+00	5.314e+00	1.342e+00	6.612e+00
2	4	6.481e+00	6.481e+00	6.485e+00	8.367e+00	1.932e+00	4.924e+00	1.932e+00	6.335e+00	1.744e+00	5.355e+00	1.744e+00	6.558e+00	1.639e+00	5.445e+00	1.639e+00	6.545e+00	1.457e+00	5.430e+00	1.457e+00	6.310e+00	1.457e+00	5.430e+00	1.457e+00	6.310e+00	1.457e+00	5.430e+00	1.457e+00	6.310e+00	1.457e+00	5.430e+00	1.457e+00	6.310e+00	1.329e+00	5.872e+00	1.329e+00	7.023e+00
2	5	nan	nan	nan	nan	nan	nan	nan	nan	nan	nan	nan	nan	nan	nan	nan	nan	nan	nan	nan	nan	nan	nan	nan	nan	nan	nan	nan	nan	nan	nan	nan	nan	nan	nan	nan	nan
2	6	5.756e+00	5.938e+00	5.756e+00	7.957e+00	2.140e+00	5.394e+00	2.140e+00	6.018e+00	2.140e+00	5.394e+00	2.140e+00	6.018e+00	1.856e+00	4.952e+00	1.856e+00	6.112e+00	1.410e+00	5.534e+00	1.410e+00	6.574e+00	1.410e+00	5.534e+00	1.410e+00	6.574e+00	1.286e+00	5.386e+00	1.286e+00	6.396e+00	1.286e+00	5.386e+00	1.286e+00	6.396e+00	1.286e+00	5.386e+00	1.286e+00	6.396e+00
2	7	4.685e+00	6.150e+00	4.685e+00	7.282e+00	1.859e+00	5.807e+00	1.859e+00	6.839e+00	1.653e+00	4.743e+00	1.653e+00	5.911e+00	1.653e+00	4.743e+00	1.653e+00	5.911e+00	1.620e+00	5.728e+00	1.620e+00	6.904e+00	1.526e+00	5.524e+00	1.526e+00	6.883e+00	1.482e+00	5.174e+00	1.482e+00	6.689e+00	1.482e+00	5.174e+00	1.482e+00	6.689e+00	1.411e+00	5.175e+00	1.411e+00	6.387e+00
2	8	4.946e+00	5.724e+00	4.946e+00	7.193e+00	2.011e+00	5.106e+00	2.011e+00	6.830e+00	1.910e+00	5.340e+00	1.910e+00	6.952e+00	1.821e+00	5.855e+00	1.821e+00	7.056e+00	1.440e+00	5.421e+00	1.440e+00	6.746e+00	1.394e+00	4.925e+00	1.394e+00	6.339e+00	1.394e+00	4.925e+00	1.394e+00	6.339e+00	1.394e+00	4.925e+00	1.394e+00	6.339e+00	1.339e+00	4.832e+00	1.339e+00	6.575e+00
2	9	6.224e+00	6.552e+00	6.224e+00	8.654e+00	2.231e+00	5.326e+00	2.231e+00	6.750e+00	2.036e+00	5.705e+00	2.036e+00	7.156e+00	1.733e+00	5.028e+00	1.733e+00	6.571e+00	1.573e+00	4.567e+00	1.573e+00	5.782e+00	1.335e+00	5.034e+00	1.335e+00	6.445e+00	1.335e+00	5.034e+00	1.335e+00	6.445e+00	1.335e+00	5.034e+00	1.335e+00	6.445e+00	1.335e+00	5.034e+00	1.335e+00	6.445e+00
2	10	nan	nan	nan	nan	nan	nan	nan	nan	nan	nan	nan	nan	nan	nan	nan	nan	nan	nan	nan	nan	nan	nan	nan	nan	nan	nan	nan	nan	nan	nan	nan	nan	nan	nan	nan	nan
3	0	nan	nan	nan	nan	nan	nan	nan	nan	nan	nan	nan	nan	nan	nan	nan	nan	nan	nan	nan	nan	nan	nan	nan	nan	nan	nan	nan	nan	nan	nan	nan	nan	nan	nan	nan	nan
3	1	6.394e+00	7.014e+00	6.394e+00	8.550e+00	2.640e+00	5.632e+00	2.640e+00	6.943e+00	1.866e+00	5.800e+00	1.866e+00	6.908e+00	1.630e+00	5.056e+00	1.630e+00	6.649e+00	1.630e+00	5.056e+00	1.630e+00	6.649e+00	1.555e+00	5.652e+00	1.555e+00	6.490e+00	1.555e+00	5.652e+00	1.555e+00	6.490e+00	1.415e+00	5.079e+00	1.415e+00	6.292e+00	1.288e+00	5.431e+00	1.288e+00	6.585e+00
3	2	6.618e+00	7.326e+00	6.618e+00	7.881e+00	2.544e+00	4.727e+00	2.544e+00	6.524e+00	1.437e+00	5.073e+00	1.437e+00	6.600e+00	1.437e+00	5.073e+00	1.437e+00	6.600e+00	1.437e+00	5.073e+00	1.437e+00	6.600e+00	1.437e+00	5.073e+00	1.437e+00	6.600e+00	1.437e+00	5.073e+00	1.437e+00	6.600e+00	1.315e+00	5.264e+00	1.315e+00	6.291e+00	1.315e+00	5.264e+00	1.315e+00	6.291e+00
3	3	6.263e+00	6.576e+00	6.263e+00	7.891e+00	2.188e+00	4.488e+00	2.188e+00	6.140e+00	1.718e+00	5.239e+00	1.718e+00	6.303e+00	1.524e+00	5.088e+00	1.524e+00	6.575e+00	1.351e+00	4.890e+00	1.351e+00	6.212e+00	1.351e+00	4.890e+00	1.351e+00	6.212e+00	1.351e+00	4.890e+00	1.351e+00	6.212e+00	1.218e+00	5.261e+00	1.218e+00	6.280e+00	1.218e+00	5.261e+00	1.218e+00	6.280e+00
3	4	5.783e+00	6.016e+00	5.783e+00	7.618e+00	2.548e+00	5.504e+00	2.548e+00	7.241e+00	1.682e+00	5.137e+00	1.682e+00	6.152e+00	1.682e+00	5.137e+00	1.682e+00	6.152e+00	1.682e+00	5.137e+00	1.682e+00	6.152e+00	1.566e+00	4.916e+00	1.566e+00	6.253e+00	1.566e+00	4.916e+00	1.566e+00	6.253e+00	1.516e+00	5.731e+00	1.516e+00	6.940e+00	1.465e+00	5.095e+00	1.465e+00	6.282e+00
3	5	nan	nan	nan	nan	nan	nan	nan	nan	nan	nan	nan	nan	nan	nan	nan	nan	nan	nan	nan	nan	nan	nan	nan	nan	nan	nan	nan	nan	nan	nan	nan	nan	nan	nan	nan	nan
3	6	5.330e+00	5.860e+00	5.330e+00	7.729e+00	2.042e+00	4.962e+00	2.042e+00	6.431e+00	1.924e+00	5.188e+00	1.924e+00	6.341e+00	1.511e+00	5.131e+00	1.511e+00	6.233e+00	1.511e+00	5.131e+00	1.511e+00	6.233e+00	1.511e+00	5.131e+00	1.511e+00	6.233e+00	1.511e+00	5.131e+00	1.511e+00	6.233e+00	1.511e+00	5.131e+00	1.511e+00	6.233e+00	1.294e+00	5.482e+00	1.294e+00	6.488e+00
3	7	5.493e+00	5.493e+00	5.596e+00	7.211e+00	2.140e+00	4.863e+00	2.140e+00	6.205e+00	1.943e+00	5.264e+00	1.943e+00	6.488e+00	1.758e+00	5.283e+00	1.758e+00	6.275e+00	1.708e+00	4.916e+00	1.708e+00	6.185e+00	1.528e+00	5.070e+00	1.528e+00	6.352e+00	1.514e+00	5.002e+00	1.514e+00	5.907e+00	1.514e+00	5.002e+00	1.514e+00	5.907e+00	1.218e+00	4.880e+00	1.218e+00	6.287e+00
3	8	6.423e+00	6.859e+00	6.423e+00	8.227e+00	2.655e+00	5.609e+00	2.655e+00	6.993e+00	1.955e+00	4.835e+00	1.955e+00	6.331e+00	1.764e+00	5.377e+00	1.764e+00	6.433e+00	1.503e+00	4.961e+00	1.503e+00	6.222e+00	1.503e+00	4.961e+00	1.503e+00	6.222e+00	1.364e+00	5.548e+00	1.364e+00	6.874e+00	1.364e+00	5.548e+00	1.364e+00	6.874e+00	1.334e+00	5.139e+00	1.334e+00	6.476e+00
3	9	6.402e+00	6.808e+00	6.402e+00	7.924e+00	2.173e+00	6.153e+00	2.173e+00	7.104e+00	1.868e+00	5.304e+00	1.868e+00	7.317e+00	1.673e+00	4.952e+00	1.673e+00	6.539e+00	1.588e+00	4.979e+00	1.588e+00	6.629e+00	1.465e+00	5.195e+00	1.465e+00	6.714e+00	1.465e+00	5.195e+00	1.465e+00	6.714e+00	1.286e+00	4.908e+00	1.286e+00	6.508e+00	1.286e+00	4.908e+00	1.286e+00	6.508e+00
3	10	nan	nan	nan	nan	nan	nan	nan	nan	nan	nan	nan	nan	nan	nan	nan	nan	nan	nan	nan	nan	nan	nan	nan	nan	nan	nan	nan	nan	nan	nan	nan	nan	nan	nan	nan	nan
4	0	nan	nan	nan	nan	nan	nan	nan	nan	nan	nan	nan	nan	nan	nan	nan	nan	nan	nan	nan	nan	nan	nan	nan	nan	nan	nan	nan	nan	nan	nan	nan	nan	nan	nan	nan	nan
4	1	6.522e+00	6.686e+00	6.522e+00	8.500e+00	2.159e+00	4.626e+00	2.159e+00	6.481e+00	1.787e+00	4.863e+00	1.787e+00	6.872e+00	1.464e+00	5.134e+00	1.464e+00	6.748e+00	1.452e+00	5.314e+00	1.452e+00	6.869e+00	1.452e+00	5.314e+00	1.452e+00	6.869e+00	1.452e+00	5.314e+00	1.452e+00	6.869e+00	1.045e+00	5.250e+00	1.045e+00	6.754e+00	1.045e+00	5.250e+00	1.045e+00	6.754e+00
4	2	6.721e+00	6.856e+00	6.721e+00	8.775e+00	2.295e+00	4.980e+00	2.295e+00	6.486e+00	1.685e+00	5.339e+00	1.685e+00	6.673e+00	1.685e+00	5.339e+00	1.685e+00	6.673e+00	1.685e+00	5.339e+00	1.685e+00	6.673e+00	1.553e+00	5.470e+00	1.553e+00	7.071e+00	1.448e+00	5.087e+00	1.448e+00	6.642e+00	1.448e+00	5.087e+00	1.448e+00	6.642e+00	1.448e+00	5.087e+00	1.448e+00	6.642e+00
4	3	6.594e+00	6.594e+00	6.751e+00	7.626e+00	2.332e+00	5.445e+00	2.332e+00	6.660e+00	1.910e+00	5.029e+00	1.910e+00	6.524e+00	1.515e+00	4.395e+00	1.515e+00	6.010e+00	1.398e+00	5.253e+00	1.398e+00	6.357e+00	1.398e+00	5.253e+00	1.398e+00	6.357e+00	1.398e+00	5.253e+00	1.398e+00	6.357e+00	1.398e+00	5.253e+00	1.398e+00	6.357e+00	1.392e+00	5.249e+00	1.392e+00	6.544e+00
4	4	5.959e+00	6.665e+00	5.959e+00	7.721e+00	2.157e+00	5.741e+00	2.157e+00	6.892e+00	1.482e+00	5.641e+00	1.482e+00	6.652e+00	1.482e+00	5.641e+00	1.482e+00	6.652e+00	1.482e+00	5.641e+00	1.482e+00	6.652e+00	1.482e+00	5.641e+00	1.482e+00	6.652e+00	1.482e+00	5.641e+00	1.482e+00	6.652e+00	1.482e+00	5.641e+00	1.482e+00	6.652e+00	1.482e+00	5.641e+00	1.482e+00	6.652e+00
4	5	nan	nan	nan	nan	nan	nan	nan	nan	nan	nan	nan	nan	nan	nan	nan	nan	nan	nan	nan	nan	nan	nan	nan	nan	nan	nan	nan	nan	nan	nan	nan	nan	nan	nan	nan	nan
4	6	5.449e+00	6.646e+00	5.449e+00	8.151e+00	2.294e+00	5.300e+00	2.294e+00	7.250e+00	1.833e+00	5.449e+00	1.833e+00	6.279e+00	1.552e+00	5.622e+00	1.552e+00	7.050e+00	1.520e+00	5.597e+00	1.520e+00	6.582e+00	1.288e+00	5.328e+00	1.288e+00	6.253e+00	1.288e+00	5.328e+00	1.288e+00	6.253e+00	1.288e+00	5.328e+00	1.288e+00	6.253e+00	1.288e+00	5.328e+00	1.288e+00	6.253e+00
4	7	5.986e+00	6.755e+00	5.986e+00	8.349e+00	2.253e+00	5.135e+00	2.253e+00	6.866e+00	2.105e+00	5.352e+00	2.105e+00	7.161e+00	1.682e+00	5.521e+00	1.682e+00	6.575e+00	1.617e+00	5.133e+00	1.617e+00	6.367e+00	1.539e+00	4.913e+00	1.539e+00	6.295e+00	1.119e+00	5.387e+00	1.119e+00	6.766e+00	1.119e+00	5.387e+00	1.119e+00	6.766e+00	1.119e+00	5.387e+00	1.119e+00	6.766e+00
4	8	5.708e+00	5.860e+00	5.708e+00	7.552e+00	2.321e+00	5.256e+00	2.321e+00	7.276e+00	1.903e+00	5.446e+00	1.903e+00	6.922e+00	1.806e+00	4.931e+00	1.806e+00	6.372e+00	1.508e+00	5.116e+00	1.508e+00	6.530e+00	1.244e+00	5.064e+00	1.244e+00	6.566e+00	1.244e+00	5.064e+00	1.244e+00	6.566e+00	1.244e+00	5.064e+00	1.244e+00	6.566e+00	1.244e+00	5.064e+00	1.244e+00	6.566e+00
4	9	5.637e+00	6.720e+00	5.637e+00	8.249e+00	2.456e+00	4.569e+00	2.456e+00	6.543e+00	2.004e+00	4.621e+00	2.004e+00	6.068e+00	2.004e+00	4.621e+00	2.004e+00	6.068e+00	1.629e+00	5.042e+00	1.629e+00	6.647e+00	1.629e+00	5.042e+00	1.629e+00	6.647e+00	1.449e+00	5.185e+00	1.449e+00	6.543e+00	1.449e+00	5.185e+00	1.449e+00	6.543e+00	1.430e+00	5.364e+00	1.430e+00	6.496e+00
4	10	nan	nan	nan	nan	nan	nan	nan	nan	nan	nan	nan	nan	nan	nan	nan	nan	nan	nan	nan	nan	nan	nan	nan	nan	nan	nan	nan	nan	nan	nan	nan	nan	nan	nan	nan	nan
5	0	4.862e+00	5.048e+00	4.862e+00	6.620e+00	2.471e+00	4.047e+00	2.471e+00	6.273e+00	1.924e+00	4.616e+00	1.924e+00	6.418e+00	1.743e+00	5.196e+00	1.743e+00	6.380e+00	1.493e+00	5.390e+00	1.493e+00	6.837e+00	1.476e+00	5.535e+00	1.476e+00	6.875e+00	1.476e+00	5.535e+00	1.476e+00	6.875e+00	1.476e+00	5.535e+00	1.476e+00	6.875e+00	1.403e+00	5.502e+00	1.403e+00	7.174e+00
5	1	nan	nan	nan	nan	nan	nan	nan	nan	nan	nan	nan	nan	nan	nan	nan	nan	nan	nan	nan	nan	nan	nan	nan	nan	nan	nan	nan	nan	nan	nan	nan	nan	nan	nan	nan	nan
5	2	nan	nan	nan	nan	nan	nan	nan	nan	nan	nan	nan	nan	nan	nan	nan	nan	nan	nan	nan	nan	nan	nan	nan	nan	nan	nan	nan	nan	nan	nan	nan	nan	nan	nan	nan	nan
5	3	nan	nan	nan	nan	nan	nan	nan	nan	nan	nan	nan	nan	nan	nan	nan	nan	nan	nan	nan	nan	nan	nan	nan	nan	nan	nan	nan	nan	nan	nan	nan	nan	nan	nan	nan	nan
5	4	nan	nan	nan	nan	nan	nan	nan	nan	nan	nan	nan	nan	nan	nan	nan	nan	nan	nan	nan	nan	nan	nan	nan	nan	nan	nan	nan	nan	nan	nan	nan	nan	nan	nan	nan	nan
5	5	6.321e+00	6.642e+00	6.321e+00	8.299e+00	2.174e+00	5.080e+00	2.174e+00	7.215e+00	1.723e+00	5.162e+00	1.723e+00	6.150e+00	1.647e+00	5.511e+00	1.647e+00	6.768e+00	1.516e+00	6.101e+00	1.516e+00	7.262e+00	1.423e+00	5.434e+00	1.423e+00	6.648e+00	1.423e+00	5.434e+00	1.423e+00	6.648e+00	1.402e+00	5.538e+00	1.402e+00	6.651e+00	1.402e+00	5.538e+00	1.402e+00	6.651e+00
5	6	nan	nan	nan	nan	nan	nan	nan	nan	nan	nan	nan	nan	nan	nan	nan	nan	nan	nan	nan	nan	nan	nan	nan	nan	nan	nan	nan	nan	nan	nan	nan	nan	nan	nan	nan	nan
5	7	nan	nan	nan	nan	nan	nan	nan	nan	nan	nan	nan	nan	nan	nan	nan	nan	nan	nan	nan	nan	nan	nan	nan	nan	nan	nan	nan	nan	nan	nan	nan	nan	nan	nan	nan	nan
5	8	nan	nan	nan	nan	nan	nan	nan	nan	nan	nan	nan	nan	nan	nan	nan	nan	nan	nan	nan	nan	nan	nan	nan	nan	nan	nan	nan	nan	nan	nan	nan	nan	nan	nan	nan	nan
5	9	nan	nan	nan	nan	nan	nan	nan	nan	nan	nan	nan	nan	nan	nan	nan	nan	nan	nan	nan	nan	nan	nan	nan	nan	nan	nan	nan	nan	nan	nan	nan	nan	nan	nan	nan	nan
5	10	5.272e+00	6.244e+00	5.272e+00	8.097e+00	2.412e+00	4.518e+00	2.412e+00	6.238e+00	1.797e+00	4.910e+00	1.797e+00	6.438e+00	1.688e+00	4.607e+00	1.688e+00	6.383e+00	1.496e+00	5.289e+00	1.496e+00	6.710e+00	1.496e+00	5.289e+00	1.496e+00	6.710e+00	1.496e+00	5.289e+00	1.496e+00	6.710e+00	1.418e+00	5.468e+00	1.418e+00	6.534e+00	1.418e+00	5.468e+00	1.418e+00	6.534e+00
6	0	nan	nan	nan	nan	nan	nan	nan	nan	nan	nan	nan	nan	nan	nan	nan	nan	nan	nan	nan	nan	nan	nan	nan	nan	nan	nan	nan	nan	nan	nan	nan	nan	nan	nan	nan	nan
6	1	6.414e+00	7.212e+00	6.414e+00	8.579e+00	2.638e+00	4.524e+00	2.638e+00	6.778e+00	2.169e+00	2.169e+00	5.816e+00	6.454e+00	1.652e+00	1.652e+00	5.591e+00	6.098e+00	1.610e+00	1.610e+00	5.840e+00	6.033e+00	1.451e+00	1.451e+00	5.007e+00	5.550e+00	1.287e+00	1.287e+00	5.314e+00	5.486e+00	1.287e+00	1.287e+00	5.314e+00	5.486e+00	1.221e+00	1.221e+00	5.112e+00	5.560e+00
6	2	5.241e+00	6.222e+00	5.241e+00	7.339e+00	2.359e+00	5.132e+00	2.359e+00	5.813e+00	1.693e+00	5.112e+00	1.693e+00	6.381e+00	1.693e+00	5.112e+00	1.693e+00	6.381e+00	1.693e+00	5.112e+00	1.693e+00	6.381e+00	1.670e+00	4.830e+00	1.670e+00	5.879e+00	1.573e+00	5.302e+00	1.573e+00	6.506e+00	1.573e+00	5.302e+00	1.573e+00	6.506e+00	1.463e+00	5.605e+00	1.463e+00	6.590e+00
6	3	6.176e+00	6.176e+00	6.226e+00	8.489e+00	2.302e+00	5.469e+00	2.302e+00	6.097e+00	2.125e+00	5.055e+00	2.125e+00	6.604e+00	1.713e+00	1.713e+00	5.051e+00	5.951e+00	1.713e+00	1.713e+00	5.051e+00	5.951e+00	1.446e+00	1.446e+00	4.980e+00	4.920e+00	1.446e+00	1.446e+00	4.980e+00	4.920e+00	1.243e+00	1.243e+00	4.777e+00	5.401e+00	1.243e+00	1.243e+00	4.777e+00	5.401e+00
6	4	5.489e+00	5.792e+00	5.489e+00	7.759e+00	2.424e+00	5.499e+00	2.424e+00	6.372e+00	1.817e+00	1.817e+00	4.858e+00	5.515e+00	1.817e+00	1.817e+00	4.858e+00	5.515e+00	1.625e+00	1.625e+00	5.313e+00	5.219e+00	1.464e+00	1.464e+00	5.195e+00	5.562e+00	1.464e+00	1.464e+00	5.195e+00	5.562e+00	1.464e+00	1.464e+00	5.195e+00	5.562e+00	1.192e+00	1.192e+00	5.239e+00	5.488e+00
6	5	nan	nan	nan	nan	nan	nan	nan	nan	nan	nan	nan	nan	nan	nan	nan	nan	nan	nan	nan	nan	nan	nan	nan	nan	nan	nan	nan	nan	nan	nan	nan	nan	nan	nan	nan	nan
6	6	5.392e+00	5.956e+00	5.392e+00	8.054e+00	2.094e+00	5.532e+00	2.094e+00	6.653e+00	1.653e+00	5.804e+00	1.653e+00	7.020e+00	1.339e+00	5.042e+00	1.339e+00	6.404e+00	1.339e+00	5.042e+00	1.339e+00	6.404e+00	1.339e+00	5.042e+00	1.339e+00	6.404e+00	1.339e+00	5.042e+00	1.339e+00	6.404e+00	1.339e+00	5.042e+00	1.339e+00	6.404e+00	1.339e+00	5.042e+00	1.339e+00	6.404e+00
6	7	5.867e+00	6.641e+00	5.867e+00	8.768e+00	2.595e+00	5.274e+00	2.595e+00	6.151e+00	1.731e+00	5.744e+00	1.731e+00	6.740e+00	1.359e+00	5.512e+00	1.359e+00	6.452e+00	1.359e+00	5.512e+00	1.359e+00	6.452e+00	1.359e+00	5.512e+00	1.359e+00	6.452e+00	1.359e+00	5.512e+00	1.359e+00	6.452e+00	1.359e+00	5.512e+00	1.359e+00	6.452e+00	1.213e+00	5.144e+00	1.213e+00	6.254e+00
6	8	5.911e+00	6.757e+00	5.911e+00	8.061e+00	2.331e+00	4.951e+00	2.331e+00	6.297e+00	2.047e+00	5.244e+00	2.047e+00	6.909e+00	1.722e+00	5.283e+00	1.722e+00	6.673e+00	1.354e+00	4.784e+00	1.354e+00	6.587e+00	1.354e+00	4.784e+00	1.354e+00	6.587e+00	1.227e+00	4.500e+00	1.227e+00	6.457e+00	1.227e+00	4.500e+00	1.227e+00	6.457e+00	1.227e+00	4.500e+00	1.227e+00	6.457e+00
6	9	5.715e+00	6.415e+00	5.715e+00	7.463e+00	2.441e+00	4.454e+00	2.441e+00	6.244e+00	1.679e+00	5.120e+00	1.679e+00	6.535e+00	1.679e+00	5.120e+00	1.679e+00	6.535e+00	1.622e+00	5.220e+00	1.622e+00	7.195e+00	1.498e+00	5.454e+00	1.498e+00	7.072e+00	1.498e+00	5.454e+00	1.498e+00	7.072e+00	1.125e+00	4.926e+00	1.125e+00	6.384e+00	1.125e+00	4.926e+00	1.125e+00	6.384e+00
6	10	nan	nan	nan	nan	nan	nan	nan	nan	nan	nan	nan	nan	nan	nan	nan	nan	nan	nan	nan	nan	nan	nan	nan	nan	nan	nan	nan	nan	nan	nan	nan	nan	nan	nan	nan	nan
7	0	nan	nan	nan	nan	nan	nan	nan	nan	nan	nan	nan	nan	nan	nan	nan	nan	nan	nan	nan	nan	nan	nan	nan	nan	nan	nan	nan	nan	nan	nan	nan	nan	nan	nan	nan	nan
7	1	6.424e+00	7.777e+00	6.424e+00	8.875e+00	2.398e+00	5.373e+00	2.398e+00	7.375e+00	1.834e+00	5.367e+00	1.834e+00	6.984e+00	1.834e+00	5.367e+00	1.834e+00	6.984e+00	1.792e+00	1.792e+00	5.667e+00	5.618e+00	1.377e+00	1.377e+00	5.141e+00	5.538e+00	1.377e+00	1.377e+00	5.141e+00	5.538e+00	1.377e+00	1.377e+00	5.141e+00	5.538e+00	1.377e+00	1.377e+00	5.141e+00	5.538e+00
7	2	4.212e+00	5.558e+00	4.212e+00	7.172e+00	2.431e+00	2.431e+00	4.911e+00	6.657e+00	1.787e+00	1.787e+00	5.226e+00	5.942e+00	1.747e+00	1.747e+00	5.590e+00	5.826e+00	1.746e+00	1.746e+00	5.649e+00	5.684e+00	1.746e+00	1.746e+00	5.649e+00	5.684e+00	1.549e+00	1.549e+00	5.709e+00	5.722e+00	1.404e+00	1.404e+00	5.638e+00	5.430e+00	1.404e+00	1.404e+00	5.638e+00	5.430e+00
7	3	6.111e+00	6.111e+00	6.196e+00	7.916e+00	2.500e+00	5.738e+00	2.500e+00	7.248e+00	1.767e+00	1.767e+00	5.152e+00	5.610e+00	1.320e+00	1.320e+00	5.439e+00	5.659e+00	1.320e+00	1.320e+00	5.439e+00	5.659e+00	1.320e+00	1.320e+00	5.439e+00	5.659e+00	1.320e+00	1.320e+00	5.439e+00	5.659e+00	1.320e+00	1.320e+00	5.439e+00	5.659e+00	1.320e+00	1.320e+00	5.439e+00	5.659e+00
7	4	5.816e+00	6.346e+00	5.816e+00	7.741e+00	2.324e+00	2.324e+00	5.224e+00	6.247e+00	1.637e+00	1.637e+00	5.195e+00	5.883e+00	1.404e+00	1.404e+00	5.042e+00	5.499e+00	1.404e+00	1.404e+00	5.042e+00	5.499e+00	1.404e+00	1.404e+00	5.042e+00	5.499e+00	1.404e+00	1.404e+00	5.042e+00	5.499e+00	1.404e+00	1.404e+00	5.042e+00	5.499e+00	1.404e+00	1.404e+00	5.042e+00	5.499e+00
7	5	nan	nan	nan	nan	nan	nan	nan	nan	nan	nan	nan	nan	nan	nan	nan	nan	nan	nan	nan	nan	nan	nan	nan	nan	nan	nan	nan	nan	nan	nan	nan	nan	nan	nan	nan	nan
7	6	4.983e+00	5.911e+00	4.983e+00	7.307e+00	1.933e+00	5.678e+00	1.933e+00	6.862e+00	1.897e+00	5.389e+00	1.897e+00	6.819e+00	1.638e+00	5.397e+00	1.638e+00	6.536e+00	1.567e+00	5.772e+00	1.567e+00	6.991e+00	1.478e+00	5.162e+00	1.478e+00	6.263e+00	1.478e+00	5.162e+00	1.478e+00	6.263e+00	1.233e+00	5.286e+00	1.233e+00	6.536e+00	1.233e+00	5.286e+00	1.233e+00	6.536e+00
7	7	6.470e+00	6.911e+00	6.470e+00	8.354e+00	2.380e+00	5.577e+00	2.380e+00	6.468e+00	1.828e+00	5.244e+00	1.828e+00	6.126e+00	1.606e+00	5.243e+00	1.606e+00	6.263e+00	1.402e+00	5.409e+00	1.402e+00	6.768e+00	1.402e+00	5.409e+00	1.402e+00	6.768e+00	1.402e+00	5.409e+00	1.402e+00	6.768e+00	1.402e+00	5.409e+00	1.402e+00	6.768e+00	1.402e+00	5.409e+00	1.402e+00	6.768e+00
7	8	5.525e+00	6.326e+00	5.525e+00	8.247e+00	2.291e+00	5.155e+00	2.291e+00	6.494e+00	1.956e+00	5.507e+00	1.956e+00	6.476e+00	1.450e+00	5.159e+00	1.450e+00	6.634e+00	1.450e+00	5.159e+00	1.450e+00	6.634e+00	1.450e+00	5.159e+00	1.450e+00	6.634e+00	1.450e+00	5.159e+00	1.450e+00	6.634e+00	1.450e+00	5.159e+00	1.450e+00	6.634e+00	1.171e+00	5.355e+00	1.171e+00	6.933e+00
7	9	5.774e+00	6.215e+00	5.774e+00	7.530e+00	2.702e+00	4.926e+00	2.702e+00	6.316e+00	1.836e+00	5.255e+00	1.836e+00	7.025e+00	1.627e+00	5.378e+00	1.627e+00	6.980e+00	1.627e+00	5.378e+00	1.627e+00	6.980e+00	1.627e+00	5.378e+00	1.627e+00	6.980e+00	1.500e+00	5.999e+00	1.500e+00	7.297e+00	1.500e+00	5.999e+00	1.500e+00	7.297e+00	1.445e+00	5.685e+00	1.445e+00	7.054e+00
7	10	nan	nan	nan	nan	nan	nan	nan	nan	nan	nan	nan	nan	nan	nan	nan	nan	nan	nan	nan	nan	nan	nan	nan	nan	nan	nan	nan	nan	nan	nan	nan	nan	nan	nan	nan	nan
8	0	nan	nan	nan	nan	nan	nan	nan	nan	nan	nan	nan	nan	nan	nan	nan	nan	nan	nan	nan	nan	nan	nan	nan	nan	nan	nan	nan	nan	nan	nan	nan	nan	nan	nan	nan	nan
8	1	5.610e+00	6.038e+00	5.610e+00	7.368e+00	3.100e+00	5.738e+00	3.100e+00	7.731e+00	1.670e+00	1.670e+00	5.041e+00	5.979e+00	1.670e+00	1.670e+00	5.041e+00	5.979e+00	1.550e+00	1.550e+00	5.270e+00	5.878e+00	1.550e+00	1.550e+00	5.270e+00	5.878e+00	1.550e+00	1.550e+00	5.270e+00	5.878e+00	1.550e+00	1.550e+00	5.270e+00	5.878e+00	1.273e+00	1.273e+00	5.047e+00	5.718e+00
8	2	5.775e+00	5.981e+00	5.775e+00	7.889e+00	2.594e+00	2.594e+00	5.534e+00	7.117e+00	1.867e+00	1.867e+00	5.870e+00	6.070e+00	1.607e+00	1.607e+00	5.482e+00	5.856e+00	1.607e+00	1.607e+00	5.482e+00	5.856e+00	1.607e+00	1.607e+00	5.482e+00	5.856e+00	1.529e+00	1.529e+00	5.336e+00	5.429e+00	1.330e+00	1.330e+00	5.138e+00	5.407e+00	1.181e+00	1.181e+00	5.055e+00	5.742e+00
8	3	5.947e+00	6.325e+00	5.947e+00	8.286e+00	1.893e+00	1.893e+00	5.854e+00	6.129e+00	1.759e+00	1.759e+00	5.603e+00	6.437e+00	1.474e+00	1.474e+00	5.277e+00	6.204e+00	1.474e+00	1.474e+00	5.277e+00	6.204e+00	1.468e+00	1.468e+00	5.638e+00	5.778e+00	1.468e+00	1.468e+00	5.638e+00	5.778e+00	1.468e+00	1.468e+00	5.638e+00	5.778e+00	1.339e+00	1.339e+00	4.952e+00	5.715e+00
8	4	5.752e+00	5.779e+00	5.752e+00	7.209e+00	2.150e+00	2.150e+00	5.457e+00	5.677e+00	2.018e+00	2.018e+00	5.124e+00	5.546e+00	1.441e+00	1.441e+00	4.680e+00	5.578e+00	1.366e+00	1.366e+00	5.047e+00	5.843e+00	1.366e+00	1.366e+00	5.047e+00	5.843e+00	1.366e+00	1.366e+00	5.047e+00	5.843e+00	1.366e+00	1.366e+00	5.047e+00	5.843e+00	1.366e+00	1.366e+00	5.047e+00	5.843e+00
8	5	nan	nan	nan	nan	nan	nan	nan	nan	nan	nan	nan	nan	nan	nan	nan	nan	nan	nan	nan	nan	nan	nan	nan	nan	nan	nan	nan	nan	nan	nan	nan	nan	nan	nan	nan	nan
8	6	5.524e+00	5.735e+00	5.524e+00	6.891e+00	2.456e+00	5.319e+00	2.456e+00	6.741e+00	1.681e+00	5.351e+00	1.681e+00	6.939e+00	1.428e+00	5.064e+00	1.428e+00	6.396e+00	1.428e+00	5.064e+00	1.428e+00	6.396e+00	1.428e+00	5.064e+00	1.428e+00	6.396e+00	1.401e+00	4.961e+00	1.401e+00	6.315e+00	1.401e+00	4.961e+00	1.401e+00	6.315e+00	1.401e+00	4.961e+00	1.401e+00	6.315e+00
8	7	5.953e+00	5.953e+00	6.254e+00	7.908e+00	1.861e+00	5.542e+00	1.861e+00	7.370e+00	1.778e+00	5.452e+00	1.778e+00	6.813e+00	1.507e+00	4.882e+00	1.507e+00	6.609e+00	1.325e+00	4.941e+00	1.325e+00	6.670e+00	1.325e+00	4.941e+00	1.325e+00	6.670e+00	1.325e+00	4.941e+00	1.325e+00	6.670e+00	1.325e+00	4.941e+00	1.325e+00	6.670e+00	1.321e+00	5.053e+00	1.321e+00	6.507e+00
8	8	6.671e+00	7.162e+00	6.671e+00	9.022e+00	2.337e+00	5.264e+00	2.337e+00	6.819e+00	2.088e+00	5.937e+00	2.088e+00	6.860e+00	1.371e+00	4.930e+00	1.371e+00	6.774e+00	1.351e+00	5.453e+00	1.351e+00	6.813e+00	1.351e+00	5.453e+00	1.351e+00	6.813e+00	1.210e+00	4.991e+00	1.210e+00	6.401e+00	1.210e+00	4.991e+00	1.210e+00	6.401e+00	1.210e+00	4.991e+00	1.210e+00	6.401e+00
8	9	6.190e+00	6.953e+00	6.190e+00	8.367e+00	2.330e+00	5.081e+00	2.330e+00	6.470e+00	1.715e+00	5.431e+00	1.715e+00	6.782e+00	1.585e+00	5.195e+00	1.585e+00	6.908e+00	1.474e+00	5.330e+00	1.474e+00	6.912e+00	1.474e+00	5.330e+00	1.474e+00	6.912e+00	1.474e+00	5.330e+00	1.474e+00	6.912e+00	1.474e+00	5.330e+00	1.474e+00	6.912e+00	1.157e+00	5.194e+00	1.157e+00	6.759e+00
8	10	nan	nan	nan	nan	nan	nan	nan	nan	nan	nan	nan	nan	nan	nan	nan	nan	nan	nan	nan	nan	nan	nan	nan	nan	nan	nan	nan	nan	nan	nan	nan	nan	nan	nan	nan	nan
9	0	nan	nan	nan	nan	nan	nan	nan	nan	nan	nan	nan	nan	nan	nan	nan	nan	nan	nan	nan	nan	nan	nan	nan	nan	nan	nan	nan	nan	nan	nan	nan	nan	nan	nan	nan	nan
9	1	6.157e+00	6.268e+00	6.157e+00	8.988e+00	2.935e+00	2.935e+00	5.891e+00	7.099e+00	1.723e+00	1.723e+00	5.452e+00	6.050e+00	1.723e+00	1.723e+00	5.452e+00	6.050e+00	1.723e+00	1.723e+00	5.452e+00	6.050e+00	1.488e+00	1.488e+00	5.128e+00	5.643e+00	1.488e+00	1.488e+00	5.128e+00	5.643e+00	1.163e+00	1.163e+00	5.520e+00	5.498e+00	1.163e+00	1.163e+00	5.520e+00	5.498e+00
9	2	5.661e+00	5.926e+00	5.661e+00	6.489e+00	2.166e+00	2.166e+00	4.886e+00	5.393e+00	2.131e+00	2.131e+00	5.501e+00	5.754e+00	1.680e+00	1.680e+00	5.485e+00	6.005e+00	1.478e+00	1.478e+00	5.473e+00	5.614e+00	1.478e+00	1.478e+00	5.473e+00	5.614e+00	1.478e+00	1.478e+00	5.473e+00	5.614e+00	1.436e+00	1.436e+00	5.712e+00	5.563e+00	1.144e+00	1.144e+00	5.047e+00	5.500e+00
9	3	4.883e+00	5.130e+00	4.883e+00	6.926e+00	2.332e+00	2.332e+00	5.304e+00	5.794e+00	2.013e+00	2.013e+00	5.235e+00	6.099e+00	1.755e+00	1.755e+00	4.949e+00	5.750e+00	1.592e+00	1.592e+00	5.437e+00	5.622e+00	1.592e+00	1.592e+00	5.437e+00	5.622e+00	1.592e+00	1.592e+00	5.437e+00	5.622e+00	1.185e+00	1.185e+00	5.180e+00	5.821e+00	1.185e+00	1.185e+00	5.180e+00	5.821e+00
9	4	6.450e+00	6.697e+00	6.450e+00	7.465e+00	1.997e+00	1.997e+00	5.991e+00	5.558e+00	1.678e+00	1.678e+00	5.395e+00	5.516e+00	1.597e+00	1.597e+00	5.291e+00	5.708e+00	1.597e+00	1.597e+00	5.291e+00	5.708e+00	1.534e+00	1.534e+00	5.124e+00	5.339e+00	1.534e+00	1.534e+00	5.124e+00	5.339e+00	1.344e+00	1.344e+00	5.146e+00	5.528e+00	1.344e+00	1.344e+00	5.146e+00	5.528e+00
9	5	nan	nan	nan	nan	nan	nan	nan	nan	nan	nan	nan	nan	nan	nan	nan	nan	nan	nan	nan	nan	nan	nan	nan	nan	nan	nan	nan	nan	nan	nan	nan	nan	nan	nan	nan	nan
9	6	6.550e+00	7.110e+00	6.550e+00	8.375e+00	2.859e+00	5.060e+00	2.859e+00	6.995e+00	1.335e+00	5.140e+00	1.335e+00	6.540e+00	1.335e+00	5.140e+00	1.335e+00	6.540e+00	1.335e+00	5.140e+00	1.335e+00	6.540e+00	1.335e+00	5.140e+00	1.335e+00	6.540e+00	1.335e+00	5.140e+00	1.335e+00	6.540e+00	1.335e+00	5.140e+00	1.335e+00	6.540e+00	1.335e+00	5.140e+00	1.335e+00	6.540e+00
9	7	5.912e+00	5.956e+00	5.912e+00	7.282e+00	2.797e+00	5.608e+00	2.797e+00	7.555e+00	1.539e+00	5.252e+00	1.539e+00	6.576e+00	1.295e+00	5.082e+00	1.295e+00	5.975e+00	1.295e+00	5.082e+00	1.295e+00	5.975e+00	1.295e+00	5.082e+00	1.295e+00	5.975e+00	1.295e+00	5.082e+00	1.295e+00	5.975e+00	1.295e+00	5.082e+00	1.295e+00	5.975e+00	1.295e+00	5.082e+00	1.295e+00	5.975e+00
9	8	5.926e+00	6.450e+00	5.926e+00	8.025e+00	1.745e+00	5.720e+00	1.745e+00	7.392e+00	1.511e+00	5.108e+00	1.511e+00	6.581e+00	1.511e+00	5.108e+00	1.511e+00	6.581e+00	1.511e+00	5.108e+00	1.511e+00	6.581e+00	1.511e+00	5.108e+00	1.511e+00	6.581e+00	1.303e+00	5.246e+00	1.303e+00	6.907e+00	1.303e+00	5.246e+00	1.303e+00	6.907e+00	1.303e+00	5.246e+00	1.303e+00	6.907e+00
9	9	5.540e+00	6.322e+00	5.540e+00	7.985e+00	2.091e+00	5.521e+00	2.091e+00	7.130e+00	1.894e+00	5.236e+00	1.894e+00	6.201e+00	1.738e+00	4.852e+00	1.738e+00	6.376e+00	1.738e+00	4.852e+00	1.738e+00	6.376e+00	1.738e+00	4.852e+00	1.738e+00	6.376e+00	1.533e+00	5.946e+00	1.533e+00	7.180e+00	1.533e+00	5.946e+00	1.533e+00	7.180e+00	1.533e+00	5.946e+00	1.533e+00	7.180e+00
9	10	nan	nan	nan	nan	nan	nan	nan	nan	nan	nan	nan	nan	nan	nan	nan	nan	nan	nan	nan	nan	nan	nan	nan	nan	nan	nan	nan	nan	nan	nan	nan	nan	nan	nan	nan	nan
10	0	nan	nan	nan	nan	nan	nan	nan	nan	nan	nan	nan	nan	nan	nan	nan	nan	nan	nan	nan	nan	nan	nan	nan	nan	nan	nan	nan	nan	nan	nan	nan	nan	nan	nan	nan	nan
10	1	nan	nan	nan	nan	nan	nan	nan	nan	nan	nan	nan	nan	nan	nan	nan	nan	nan	nan	nan	nan	nan	nan	nan	nan	nan	nan	nan	nan	nan	nan	nan	nan	nan	nan	nan	nan
10	2	nan	nan	nan	nan	nan	nan	nan	nan	nan	nan	nan	nan	nan	nan	nan	nan	nan	nan	nan	nan	nan	nan	nan	nan	nan	nan	nan	nan	nan	nan	nan	nan	nan	nan	nan	nan
10	3	nan	nan	nan	nan	nan	nan	nan	nan	nan	nan	nan	nan	nan	nan	nan	nan	nan	nan	nan	nan	nan	nan	nan	nan	nan	nan	nan	nan	nan	nan	nan	nan	nan	nan	nan	nan
10	4	nan	nan	nan	nan	nan	nan	nan	nan	nan	nan	nan	nan	nan	nan	nan	nan	nan	nan	nan	nan	nan	nan	nan	nan	nan	nan	nan	nan	nan	nan	nan	nan	nan	nan	nan	nan
10	5	5.182e+00	6.751e+00	5.182e+00	8.213e+00	2.493e+00	2.493e+00	4.520e+00	6.153e+00	1.851e+00	1.851e+00	5.248e+00	5.329e+00	1.758e+00	1.758e+00	5.580e+00	5.674e+00	1.589e+00	1.589e+00	5.158e+00	5.882e+00	1.550e+00	1.550e+00	5.044e+00	5.486e+00	1.550e+00	1.550e+00	5.044e+00	5.486e+00	1.550e+00	1.550e+00	5.044e+00	5.486e+00	1.280e+00	1.280e+00	5.136e+00	5.552e+00
10	6	nan	nan	nan	nan	nan	nan	nan	nan	nan	nan	nan	nan	nan	nan	nan	nan	nan	nan	nan	nan	nan	nan	nan	nan	nan	nan	nan	nan	nan	nan	nan	nan	nan	nan	nan	nan
10	7	nan	nan	nan	nan	nan	nan	nan	nan	nan	nan	nan	nan	nan	nan	nan	nan	nan	nan	nan	nan	nan	nan	nan	nan	nan	nan	nan	nan	nan	nan	nan	nan	nan	nan	nan	nan
10	8	nan	nan	nan	nan	nan	nan	nan	nan	nan	nan	nan	nan	nan	nan	nan	nan	nan	nan	nan	nan	nan	nan	nan	nan	nan	nan	nan	nan	nan	nan	nan	nan	nan	nan	nan	nan
10	9	nan	nan	nan	nan	nan	nan	nan	nan	nan	nan	nan	nan	nan	nan	nan	nan	nan	nan	nan	nan	nan	nan	nan	nan	nan	nan	nan	nan	nan	nan	nan	nan	nan	nan	nan	nan
10	10	nan	nan	nan	nan	nan	nan	nan	nan	nan	nan	nan	nan	nan	nan	nan	nan	nan	nan	nan	nan	nan	nan	nan	nan	nan	nan	nan	nan	nan	nan	nan	nan	nan	nan	nan	nan
