_.moIOneMax.25.nsga2	_.moIOneMax.25.cabea.cc.11	_.moIOneMax.25.cabea.e.21	_.moIOneMax.25.cabea.e.11	_.moIOneMax.25.cabea.cc.21	_.moIOneMax.25.ga	_.moIOneMax.25.ga.33	_.moIOneMax.25.me.2	_.mt2mo.mmIOneMax.25.2.nsga2	_.mt2mo.mmIOneMax.25.2.cabea.cc.11	_.mt2mo.mmIOneMax.25.2.cabea.e.21	_.mt2mo.mmIOneMax.25.2.cabea.e.11	_.mt2mo.mmIOneMax.25.2.cabea.cc.21	_.mt2mo.mmIOneMax.25.2.ga	_.mt2mo.mmIOneMax.25.2.ga.33	_.mt2mo.mmIOneMax.25.2.me.2	_.moIOneMax.100.nsga2	_.moIOneMax.100.cabea.cc.11	_.moIOneMax.100.cabea.e.21	_.moIOneMax.100.cabea.e.11	_.moIOneMax.100.cabea.cc.21	_.moIOneMax.100.ga	_.moIOneMax.100.ga.33	_.moIOneMax.100.me.2	_.mt2mo.mmIOneMax.100.2.nsga2	_.mt2mo.mmIOneMax.100.2.cabea.cc.11	_.mt2mo.mmIOneMax.100.2.cabea.e.21	_.mt2mo.mmIOneMax.100.2.cabea.e.11	_.mt2mo.mmIOneMax.100.2.cabea.cc.21	_.mt2mo.mmIOneMax.100.2.ga	_.mt2mo.mmIOneMax.100.2.ga.33	_.mt2mo.mmIOneMax.100.2.me.2	_.moIOneMax.250.nsga2	_.moIOneMax.250.cabea.cc.11	_.moIOneMax.250.cabea.e.21	_.moIOneMax.250.cabea.e.11	_.moIOneMax.250.cabea.cc.21	_.moIOneMax.250.ga	_.moIOneMax.250.ga.33	_.moIOneMax.250.me.2	_.mt2mo.mmIOneMax.250.2.nsga2	_.mt2mo.mmIOneMax.250.2.cabea.cc.11	_.mt2mo.mmIOneMax.250.2.cabea.e.21	_.mt2mo.mmIOneMax.250.2.cabea.e.11	_.mt2mo.mmIOneMax.250.2.cabea.cc.21	_.mt2mo.mmIOneMax.250.2.ga	_.mt2mo.mmIOneMax.250.2.ga.33	_.mt2mo.mmIOneMax.250.2.me.2
5.000e-01	2.200e-01	2.800e-01	2.000e-01	3.088e-01	8.000e-02	6.000e-02	2.304e-01	3.744e-01	1.872e-01	1.504e-01	1.872e-01	1.312e-01	2.080e-02	4.160e-02	8.400e-02	3.600e-01	8.500e-02	1.062e-01	1.353e-01	1.200e-01	2.000e-02	1.500e-02	1.157e-01	1.885e-01	5.420e-02	2.450e-02	7.985e-02	4.535e-02	1.000e-02	1.000e-02	3.160e-02	2.193e-01	4.662e-02	5.238e-02	5.022e-02	4.269e-02	1.600e-02	6.000e-03	2.899e-02	9.000e-02	2.134e-02	1.032e-02	3.025e-02	1.278e-02	2.000e-03	1.984e-03	2.064e-02
4.800e-01	2.200e-01	2.400e-01	2.000e-01	2.400e-01	1.400e-01	6.000e-02	2.488e-01	3.952e-01	2.288e-01	1.488e-01	1.664e-01	1.712e-01	4.160e-02	2.080e-02	6.080e-02	3.794e-01	9.785e-02	1.029e-01	1.005e-01	1.032e-01	3.000e-02	1.500e-02	5.630e-02	1.936e-01	4.900e-02	2.630e-02	9.020e-02	5.020e-02	1.500e-02	1.000e-02	4.125e-02	2.153e-01	3.695e-02	3.502e-02	5.046e-02	5.231e-02	1.400e-02	6.000e-03	3.942e-02	9.200e-02	3.126e-02	1.282e-02	3.212e-02	2.277e-02	4.000e-03	3.984e-03	1.409e-02
4.800e-01	2.600e-01	2.600e-01	2.200e-01	2.800e-01	1.200e-01	1.200e-01	2.264e-01	3.744e-01	1.872e-01	1.392e-01	1.664e-01	1.432e-01	4.160e-02	4.160e-02	8.880e-02	3.250e-01	7.500e-02	9.620e-02	9.850e-02	1.058e-01	5.000e-02	2.000e-02	1.137e-01	2.002e-01	6.625e-02	3.390e-02	5.180e-02	3.075e-02	1.000e-02	5.000e-03	3.460e-02	2.260e-01	4.829e-02	4.514e-02	6.322e-02	6.115e-02	1.000e-02	2.000e-03	3.568e-02	7.714e-02	2.367e-02	1.270e-02	2.016e-02	1.599e-02	2.000e-03	2.000e-03	5.656e-03
5.000e-01	1.800e-01	2.400e-01	1.600e-01	2.400e-01	2.000e-02	8.000e-02	2.040e-01	4.160e-01	2.288e-01	1.624e-01	1.456e-01	1.752e-01	2.080e-02	4.160e-02	6.720e-02	3.150e-01	8.500e-02	5.770e-02	1.057e-01	1.339e-01	3.500e-02	5.000e-03	2.000e-02	2.000e-01	6.485e-02	2.890e-02	6.100e-02	2.510e-02	5.000e-03	0.000e+00	2.290e-02	2.120e-01	3.992e-02	5.184e-02	4.314e-02	6.661e-02	1.400e-02	4.000e-03	1.239e-02	9.151e-02	3.367e-02	1.133e-02	2.560e-02	2.285e-02	2.000e-03	1.968e-03	6.960e-03
5.000e-01	2.200e-01	2.888e-01	2.600e-01	2.600e-01	8.000e-02	6.000e-02	2.920e-01	3.536e-01	1.664e-01	1.504e-01	1.872e-01	1.376e-01	6.240e-02	2.080e-02	9.600e-02	3.750e-01	9.295e-02	9.580e-02	1.160e-01	9.635e-02	2.000e-02	3.500e-02	6.380e-02	1.650e-01	6.660e-02	2.825e-02	7.415e-02	3.730e-02	5.000e-03	1.000e-02	3.835e-02	2.259e-01	5.228e-02	6.534e-02	6.279e-02	5.965e-02	2.200e-02	8.000e-03	0.000e+00	6.972e-02	2.834e-02	8.912e-03	1.466e-02	1.530e-02	4.000e-03	3.968e-03	1.070e-02
4.800e-01	1.600e-01	2.512e-01	2.200e-01	2.200e-01	1.000e-01	8.000e-02	2.592e-01	4.160e-01	1.872e-01	1.304e-01	1.456e-01	2.040e-01	4.160e-02	4.160e-02	1.520e-01	3.600e-01	8.500e-02	1.002e-01	1.052e-01	9.965e-02	4.500e-02	5.000e-03	1.036e-01	1.700e-01	8.665e-02	3.025e-02	4.815e-02	3.560e-02	1.000e-02	1.000e-02	4.115e-02	2.114e-01	5.097e-02	6.258e-02	3.774e-02	5.346e-02	1.400e-02	4.000e-03	5.632e-03	8.117e-02	3.677e-02	1.006e-02	2.800e-02	1.087e-02	4.000e-03	3.984e-03	2.699e-02
5.000e-01	2.600e-01	2.336e-01	2.000e-01	3.120e-01	8.000e-02	2.000e-02	2.216e-01	3.744e-01	1.248e-01	1.272e-01	2.000e-01	2.088e-01	4.160e-02	4.160e-02	1.400e-01	3.799e-01	9.000e-02	1.048e-01	1.056e-01	9.615e-02	2.000e-02	2.500e-02	9.225e-02	1.900e-01	6.440e-02	2.815e-02	6.705e-02	3.705e-02	1.500e-02	5.000e-03	2.925e-02	2.368e-01	5.994e-02	6.843e-02	3.977e-02	5.142e-02	1.200e-02	8.000e-03	2.739e-02	8.510e-02	2.391e-02	9.024e-03	3.336e-02	1.501e-02	4.000e-03	1.992e-03	2.495e-02
4.800e-01	1.800e-01	2.536e-01	2.200e-01	2.528e-01	1.000e-01	1.200e-01	1.824e-01	4.160e-01	1.664e-01	1.576e-01	1.872e-01	1.760e-01	4.160e-02	4.160e-02	1.064e-01	3.600e-01	7.500e-02	1.075e-01	8.560e-02	1.062e-01	2.500e-02	1.500e-02	7.400e-02	1.800e-01	8.505e-02	4.015e-02	5.190e-02	2.935e-02	1.000e-02	5.000e-03	2.180e-02	2.120e-01	5.186e-02	4.507e-02	5.079e-02	4.648e-02	1.600e-02	6.000e-03	3.782e-02	7.000e-02	3.398e-02	1.328e-02	2.981e-02	1.923e-02	4.000e-03	4.000e-03	8.696e-03
5.000e-01	2.000e-01	2.400e-01	2.400e-01	2.200e-01	8.000e-02	6.000e-02	2.600e-01	4.160e-01	1.248e-01	1.808e-01	1.456e-01	1.600e-01	6.240e-02	4.160e-02	1.104e-01	3.750e-01	9.485e-02	8.855e-02	1.013e-01	1.054e-01	3.000e-02	1.500e-02	6.855e-02	1.950e-01	6.715e-02	2.665e-02	8.050e-02	4.105e-02	1.000e-02	1.000e-02	5.355e-02	2.400e-01	5.354e-02	5.238e-02	6.871e-02	5.918e-02	1.800e-02	1.200e-02	4.599e-02	8.630e-02	2.247e-02	1.758e-02	2.533e-02	1.769e-02	2.000e-03	4.000e-03	1.034e-02
4.800e-01	1.600e-01	2.536e-01	2.400e-01	2.000e-01	1.000e-01	4.000e-02	2.240e-01	3.536e-01	1.872e-01	1.576e-01	2.432e-01	1.744e-01	4.160e-02	4.160e-02	3.040e-02	3.500e-01	9.560e-02	1.072e-01	1.234e-01	8.700e-02	2.500e-02	3.000e-02	9.915e-02	1.650e-01	8.145e-02	3.735e-02	4.900e-02	3.805e-02	1.500e-02	5.000e-03	4.470e-02	2.180e-01	5.245e-02	4.154e-02	5.405e-02	4.263e-02	1.200e-02	8.000e-03	3.094e-02	8.510e-02	1.954e-02	5.880e-03	3.224e-02	1.469e-02	2.000e-03	3.968e-03	2.859e-02
4.800e-01	1.800e-01	2.136e-01	1.800e-01	2.200e-01	6.000e-02	1.200e-01	1.968e-01	3.744e-01	1.456e-01	1.312e-01	2.080e-01	1.952e-01	4.160e-02	4.160e-02	7.920e-02	3.642e-01	8.290e-02	9.800e-02	8.570e-02	7.165e-02	2.500e-02	2.500e-02	8.350e-02	1.500e-01	4.090e-02	4.790e-02	5.135e-02	3.860e-02	1.500e-02	1.000e-02	2.280e-02	2.140e-01	6.179e-02	6.242e-02	5.519e-02	5.733e-02	1.701e-02	6.000e-03	3.517e-02	8.600e-02	2.910e-02	1.528e-02	2.313e-02	1.233e-02	4.000e-03	2.000e-03	2.030e-02
5.000e-01	1.800e-01	2.200e-01	2.000e-01	2.400e-01	1.000e-01	6.000e-02	2.064e-01	4.368e-01	1.664e-01	1.392e-01	1.664e-01	1.096e-01	6.240e-02	4.160e-02	7.440e-02	3.750e-01	9.790e-02	8.335e-02	1.109e-01	1.152e-01	3.500e-02	2.000e-02	3.690e-02	1.750e-01	7.865e-02	3.900e-02	6.630e-02	3.695e-02	1.000e-02	5.000e-03	2.230e-02	2.060e-01	4.387e-02	5.295e-02	4.797e-02	4.744e-02	4.000e-03	4.000e-03	0.000e+00	7.914e-02	3.015e-02	9.080e-03	2.884e-02	1.249e-02	4.000e-03	2.000e-03	6.984e-03
4.800e-01	2.200e-01	2.544e-01	2.800e-01	2.536e-01	6.000e-02	4.000e-02	2.416e-01	4.368e-01	1.872e-01	1.432e-01	2.080e-01	1.256e-01	4.160e-02	4.160e-02	9.600e-02	3.150e-01	8.500e-02	1.046e-01	1.210e-01	8.480e-02	3.000e-02	2.000e-02	7.610e-02	1.600e-01	6.030e-02	3.025e-02	6.570e-02	2.335e-02	5.000e-03	5.000e-03	2.275e-02	2.060e-01	5.024e-02	7.003e-02	4.984e-02	4.782e-02	8.000e-03	4.000e-03	2.190e-02	8.194e-02	1.522e-02	1.925e-02	2.149e-02	1.539e-02	6.000e-03	3.984e-03	1.737e-02
5.000e-01	3.000e-01	2.528e-01	2.400e-01	2.872e-01	8.000e-02	6.000e-02	2.264e-01	4.160e-01	1.456e-01	1.552e-01	2.080e-01	1.424e-01	4.160e-02	4.160e-02	9.600e-02	3.744e-01	8.500e-02	1.130e-01	1.107e-01	1.118e-01	1.000e-02	1.500e-02	2.000e-02	1.850e-01	7.115e-02	3.315e-02	5.860e-02	4.350e-02	5.000e-03	1.000e-02	1.010e-02	2.174e-01	4.710e-02	2.658e-02	5.747e-02	6.440e-02	1.600e-02	4.000e-03	1.958e-02	7.570e-02	2.305e-02	1.687e-02	3.086e-02	1.506e-02	6.000e-03	5.952e-03	5.696e-03
4.800e-01	2.600e-01	2.200e-01	2.200e-01	2.200e-01	6.000e-02	6.000e-02	2.152e-01	4.160e-01	1.664e-01	1.480e-01	2.288e-01	2.024e-01	4.160e-02	4.160e-02	1.128e-01	3.600e-01	1.028e-01	1.035e-01	9.915e-02	9.545e-02	2.500e-02	1.000e-02	4.830e-02	1.750e-01	6.435e-02	2.010e-02	4.210e-02	1.900e-02	5.000e-03	1.000e-02	3.040e-02	1.980e-01	4.262e-02	3.944e-02	7.201e-02	3.430e-02	4.000e-03	6.000e-03	4.882e-02	1.027e-01	1.590e-02	1.266e-02	2.675e-02	1.365e-02	4.000e-03	3.984e-03	2.352e-02
4.800e-01	2.400e-01	2.400e-01	3.000e-01	2.200e-01	1.000e-01	6.000e-02	2.336e-01	3.328e-01	1.248e-01	1.056e-01	1.456e-01	1.536e-01	2.080e-02	2.080e-02	6.400e-02	3.400e-01	8.000e-02	9.050e-02	9.885e-02	6.715e-02	2.500e-02	2.000e-02	3.565e-02	1.450e-01	5.845e-02	5.290e-02	5.780e-02	2.735e-02	1.000e-02	1.000e-02	4.235e-02	2.200e-01	5.962e-02	6.892e-02	5.358e-02	4.474e-02	1.800e-02	6.000e-03	1.952e-03	7.600e-02	3.682e-02	1.661e-02	2.699e-02	1.664e-02	4.000e-03	2.000e-03	2.286e-02
4.800e-01	2.400e-01	2.472e-01	2.200e-01	2.400e-01	4.000e-02	8.000e-02	2.200e-01	3.536e-01	1.872e-01	1.464e-01	1.872e-01	1.720e-01	4.160e-02	2.080e-02	1.336e-01	3.400e-01	1.128e-01	9.795e-02	9.055e-02	1.302e-01	3.000e-02	1.000e-02	6.160e-02	1.650e-01	4.415e-02	3.120e-02	6.110e-02	2.165e-02	1.000e-02	5.000e-03	3.865e-02	2.120e-01	3.983e-02	4.525e-02	4.945e-02	5.495e-02	6.000e-03	4.000e-03	1.609e-02	7.000e-02	3.631e-02	1.241e-02	2.840e-02	1.005e-02	2.000e-03	1.968e-03	3.273e-02
5.000e-01	2.000e-01	2.536e-01	2.000e-01	2.000e-01	2.000e-02	4.000e-02	2.544e-01	3.952e-01	1.456e-01	1.216e-01	1.872e-01	1.720e-01	4.160e-02	4.160e-02	1.048e-01	3.650e-01	8.500e-02	9.280e-02	1.155e-01	1.014e-01	1.500e-02	2.500e-02	4.245e-02	1.850e-01	4.270e-02	2.005e-02	4.040e-02	4.160e-02	1.500e-02	1.000e-02	2.280e-02	2.180e-01	6.890e-02	4.854e-02	4.400e-02	5.290e-02	1.800e-02	4.000e-03	7.616e-03	9.395e-02	2.488e-02	1.511e-02	3.112e-02	1.346e-02	1.992e-03	3.984e-03	3.968e-03
5.000e-01	1.800e-01	2.000e-01	2.000e-01	2.544e-01	6.000e-02	4.000e-02	2.264e-01	4.160e-01	1.872e-01	1.448e-01	2.080e-01	2.120e-01	4.160e-02	4.160e-02	1.352e-01	3.600e-01	8.500e-02	9.990e-02	1.276e-01	8.100e-02	2.500e-02	1.500e-02	8.450e-02	2.035e-01	7.390e-02	3.695e-02	7.520e-02	3.550e-02	5.000e-03	1.000e-02	3.965e-02	2.180e-01	5.281e-02	3.821e-02	6.310e-02	3.623e-02	1.600e-02	8.000e-03	4.034e-02	9.214e-02	2.855e-02	1.090e-02	1.942e-02	1.950e-02	2.000e-03	1.992e-03	1.976e-02
5.000e-01	2.400e-01	2.200e-01	2.200e-01	2.336e-01	6.000e-02	4.000e-02	2.200e-01	3.328e-01	1.248e-01	2.024e-01	1.456e-01	2.200e-01	4.160e-02	4.160e-02	1.528e-01	3.350e-01	8.000e-02	8.780e-02	1.380e-01	8.975e-02	3.500e-02	1.500e-02	4.750e-02	1.650e-01	6.365e-02	3.810e-02	5.370e-02	2.480e-02	1.000e-02	5.000e-03	6.610e-02	2.160e-01	3.696e-02	5.766e-02	6.778e-02	6.050e-02	2.000e-02	1.000e-02	6.600e-03	8.984e-02	2.997e-02	1.180e-02	2.202e-02	1.096e-02	2.000e-03	4.000e-03	0.000e+00
5.000e-01	1.800e-01	2.344e-01	2.400e-01	2.336e-01	8.000e-02	8.000e-02	2.912e-01	3.952e-01	1.456e-01	1.992e-01	1.664e-01	1.544e-01	4.160e-02	4.160e-02	1.008e-01	3.700e-01	8.500e-02	1.062e-01	7.560e-02	1.012e-01	1.500e-02	2.000e-02	3.010e-02	1.600e-01	6.145e-02	3.505e-02	4.045e-02	4.590e-02	1.000e-02	1.000e-02	3.140e-02	2.160e-01	4.549e-02	6.676e-02	4.836e-02	4.820e-02	1.600e-02	4.000e-03	1.014e-02	7.400e-02	2.493e-02	1.849e-02	2.154e-02	1.176e-02	4.000e-03	1.992e-03	1.988e-02
4.800e-01	1.600e-01	2.536e-01	2.400e-01	2.400e-01	8.000e-02	4.000e-02	2.544e-01	3.952e-01	1.872e-01	2.312e-01	1.872e-01	1.528e-01	4.160e-02	4.160e-02	6.480e-02	3.500e-01	7.500e-02	1.056e-01	8.290e-02	1.021e-01	4.500e-02	1.500e-02	6.940e-02	1.600e-01	4.835e-02	4.055e-02	6.190e-02	3.695e-02	5.000e-03	1.000e-02	3.780e-02	2.299e-01	4.604e-02	5.048e-02	5.653e-02	6.354e-02	1.600e-02	8.000e-03	4.236e-02	1.004e-01	2.842e-02	1.918e-02	1.829e-02	1.255e-02	2.000e-03	4.000e-03	1.974e-02
5.000e-01	1.800e-01	2.200e-01	2.400e-01	2.400e-01	6.000e-02	4.000e-02	2.312e-01	4.576e-01	1.664e-01	1.752e-01	1.992e-01	1.840e-01	4.160e-02	2.080e-02	8.640e-02	3.350e-01	8.000e-02	1.058e-01	9.810e-02	1.229e-01	1.500e-02	2.000e-02	2.205e-02	1.900e-01	6.485e-02	3.620e-02	5.910e-02	2.570e-02	1.000e-02	1.500e-02	5.405e-02	2.240e-01	5.188e-02	5.375e-02	5.445e-02	6.452e-02	1.000e-02	6.000e-03	4.361e-02	7.640e-02	2.497e-02	9.360e-03	1.204e-02	1.971e-02	4.000e-03	2.992e-03	2.225e-02
5.000e-01	2.400e-01	2.600e-01	2.600e-01	2.600e-01	2.000e-02	6.000e-02	2.752e-01	3.744e-01	1.664e-01	1.736e-01	1.872e-01	1.216e-01	2.080e-02	4.160e-02	7.680e-02	3.600e-01	1.050e-01	1.025e-01	1.155e-01	8.700e-02	2.500e-02	3.000e-02	1.282e-01	1.750e-01	7.095e-02	3.630e-02	7.365e-02	2.435e-02	1.000e-02	5.000e-03	3.475e-02	2.259e-01	4.908e-02	6.232e-02	8.047e-02	3.841e-02	1.200e-02	6.000e-03	1.738e-02	6.600e-02	2.201e-02	1.900e-02	2.402e-02	1.358e-02	2.000e-03	3.984e-03	1.470e-02
5.000e-01	2.000e-01	2.336e-01	2.400e-01	2.400e-01	6.000e-02	8.000e-02	2.024e-01	3.536e-01	1.872e-01	1.640e-01	2.144e-01	2.504e-01	4.160e-02	4.160e-02	6.480e-02	3.200e-01	1.063e-01	1.006e-01	1.425e-01	9.055e-02	4.000e-02	3.000e-02	9.225e-02	1.650e-01	4.865e-02	2.930e-02	4.140e-02	4.815e-02	1.000e-02	5.000e-03	3.280e-02	2.199e-01	4.907e-02	5.411e-02	4.705e-02	4.887e-02	1.600e-02	8.000e-03	0.000e+00	7.426e-02	3.251e-02	1.540e-02	3.054e-02	1.643e-02	4.000e-03	3.968e-03	2.636e-02
4.800e-01	1.800e-01	2.944e-01	1.800e-01	2.472e-01	1.000e-01	8.000e-02	2.336e-01	4.160e-01	1.664e-01	1.680e-01	1.664e-01	2.112e-01	2.080e-02	2.080e-02	8.320e-02	3.350e-01	1.107e-01	1.137e-01	8.045e-02	1.001e-01	6.000e-02	2.500e-02	2.975e-02	1.683e-01	5.625e-02	3.830e-02	8.835e-02	4.820e-02	5.000e-03	1.000e-02	2.710e-02	2.074e-01	6.791e-02	5.460e-02	3.946e-02	6.213e-02	1.200e-02	8.000e-03	3.032e-03	8.398e-02	2.824e-02	9.864e-03	2.181e-02	1.588e-02	2.000e-03	5.976e-03	0.000e+00
4.800e-01	2.000e-01	2.688e-01	2.400e-01	2.200e-01	6.000e-02	8.000e-02	2.936e-01	3.952e-01	1.456e-01	1.528e-01	1.664e-01	2.200e-01	4.160e-02	2.080e-02	1.280e-01	3.443e-01	1.058e-01	8.200e-02	1.025e-01	8.810e-02	1.000e-02	3.500e-02	2.415e-02	1.850e-01	6.160e-02	4.045e-02	4.960e-02	2.940e-02	1.000e-02	1.000e-02	2.015e-02	2.120e-01	5.627e-02	4.189e-02	5.758e-02	4.942e-02	1.000e-02	1.200e-02	1.230e-02	9.400e-02	1.419e-02	1.421e-02	4.562e-02	1.990e-02	4.000e-03	4.000e-03	2.514e-02
4.800e-01	2.000e-01	2.536e-01	2.000e-01	2.200e-01	8.000e-02	8.000e-02	2.296e-01	3.536e-01	1.872e-01	1.336e-01	1.664e-01	1.608e-01	4.160e-02	2.080e-02	9.200e-02	3.700e-01	9.285e-02	1.011e-01	8.100e-02	1.030e-01	3.000e-02	1.000e-02	7.315e-02	2.000e-01	4.430e-02	3.940e-02	3.405e-02	3.470e-02	5.000e-03	1.000e-02	3.080e-02	2.180e-01	5.082e-02	5.441e-02	5.774e-02	4.434e-02	1.200e-02	6.000e-03	1.650e-02	6.800e-02	2.305e-02	1.447e-02	3.063e-02	2.864e-03	4.000e-03	3.984e-03	1.789e-02
4.400e-01	2.200e-01	2.336e-01	2.400e-01	2.744e-01	1.000e-01	4.000e-02	2.392e-01	3.744e-01	1.456e-01	1.640e-01	1.664e-01	1.464e-01	4.160e-02	2.080e-02	1.432e-01	3.499e-01	1.050e-01	9.000e-02	1.035e-01	1.261e-01	3.500e-02	3.000e-02	1.353e-01	1.500e-01	6.670e-02	2.350e-02	7.455e-02	4.090e-02	5.000e-03	5.000e-03	3.000e-02	1.974e-01	5.470e-02	4.507e-02	5.123e-02	3.872e-02	2.104e-02	6.000e-03	3.495e-02	8.400e-02	2.237e-02	1.680e-02	2.094e-02	1.555e-02	4.000e-03	3.952e-03	1.857e-02
4.800e-01	1.400e-01	2.400e-01	2.200e-01	2.800e-01	6.000e-02	6.000e-02	3.072e-01	3.536e-01	1.456e-01	1.312e-01	2.080e-01	2.264e-01	2.080e-02	2.080e-02	1.272e-01	3.850e-01	7.500e-02	1.168e-01	9.775e-02	9.835e-02	6.265e-02	1.500e-02	6.365e-02	1.950e-01	5.070e-02	2.140e-02	7.105e-02	4.710e-02	1.000e-02	1.000e-02	3.515e-02	2.068e-01	5.322e-02	5.551e-02	6.226e-02	3.144e-02	1.400e-02	4.000e-03	6.786e-02	7.811e-02	2.852e-02	1.069e-02	3.003e-02	1.087e-02	8.000e-03	4.896e-03	1.424e-02
