x	y	0.fitness.0.	0.fitness.1.	5000.fitness.0.	5000.fitness.1.	10000.fitness.0.	10000.fitness.1.	15000.fitness.0.	15000.fitness.1.	25000.fitness.0.	25000.fitness.1.	50000.fitness.0.	50000.fitness.1.
0	0	nan	nan	nan	nan	nan	nan	nan	nan	nan	nan	nan	nan
0	1	nan	nan	nan	nan	nan	nan	nan	nan	nan	nan	nan	nan
0	2	nan	nan	nan	nan	nan	nan	nan	nan	nan	nan	nan	nan
0	3	nan	nan	nan	nan	nan	nan	nan	nan	nan	nan	nan	nan
0	4	nan	nan	nan	nan	nan	nan	nan	nan	nan	nan	nan	nan
0	5	8.423e+00	9.830e+00	5.751e+00	7.012e+00	4.391e+00	5.366e+00	4.342e+00	4.604e+00	3.855e+00	4.189e+00	3.855e+00	4.189e+00
0	6	nan	nan	nan	nan	nan	nan	nan	nan	nan	nan	nan	nan
0	7	nan	nan	nan	nan	nan	nan	nan	nan	nan	nan	nan	nan
0	8	nan	nan	nan	nan	nan	nan	nan	nan	nan	nan	nan	nan
0	9	nan	nan	nan	nan	nan	nan	nan	nan	nan	nan	nan	nan
0	10	nan	nan	nan	nan	nan	nan	nan	nan	nan	nan	nan	nan
1	0	nan	nan	nan	nan	nan	nan	nan	nan	nan	nan	nan	nan
1	1	8.086e+00	9.865e+00	4.693e+00	6.340e+00	4.069e+00	5.595e+00	3.724e+00	5.310e+00	3.426e+00	4.487e+00	3.426e+00	4.487e+00
1	2	8.664e+00	1.034e+01	4.555e+00	6.314e+00	4.192e+00	5.720e+00	3.757e+00	5.097e+00	3.648e+00	4.079e+00	3.648e+00	4.079e+00
1	3	8.810e+00	1.052e+01	5.192e+00	6.308e+00	4.229e+00	5.954e+00	3.581e+00	5.320e+00	3.171e+00	4.996e+00	3.171e+00	4.996e+00
1	4	8.639e+00	1.016e+01	5.708e+00	6.829e+00	4.742e+00	5.652e+00	3.729e+00	5.231e+00	3.336e+00	5.022e+00	3.336e+00	5.022e+00
1	5	nan	nan	nan	nan	nan	nan	nan	nan	nan	nan	nan	nan
1	6	8.442e+00	9.725e+00	5.651e+00	6.904e+00	3.964e+00	5.367e+00	3.829e+00	4.632e+00	3.829e+00	4.632e+00	3.767e+00	4.092e+00
1	7	8.198e+00	9.968e+00	5.645e+00	6.259e+00	4.646e+00	5.466e+00	3.917e+00	5.067e+00	3.657e+00	5.065e+00	3.013e+00	4.681e+00
1	8	7.161e+00	8.908e+00	5.552e+00	6.302e+00	4.924e+00	5.732e+00	3.583e+00	4.716e+00	3.583e+00	4.716e+00	3.583e+00	4.716e+00
1	9	8.587e+00	1.030e+01	5.608e+00	6.462e+00	4.407e+00	5.519e+00	4.130e+00	5.063e+00	4.094e+00	4.902e+00	3.778e+00	4.466e+00
1	10	nan	nan	nan	nan	nan	nan	nan	nan	nan	nan	nan	nan
2	0	nan	nan	nan	nan	nan	nan	nan	nan	nan	nan	nan	nan
2	1	8.932e+00	9.665e+00	4.823e+00	6.756e+00	4.188e+00	5.726e+00	3.854e+00	5.461e+00	3.463e+00	5.015e+00	3.463e+00	5.015e+00
2	2	7.539e+00	9.346e+00	4.608e+00	6.526e+00	3.938e+00	6.099e+00	3.788e+00	5.786e+00	3.239e+00	4.664e+00	3.239e+00	4.664e+00
2	3	7.991e+00	9.664e+00	5.247e+00	6.961e+00	3.929e+00	5.725e+00	3.717e+00	5.354e+00	3.247e+00	4.915e+00	3.219e+00	4.877e+00
2	4	8.846e+00	1.014e+01	5.016e+00	6.379e+00	3.298e+00	5.017e+00	3.298e+00	5.017e+00	3.298e+00	5.017e+00	3.298e+00	5.017e+00
2	5	nan	nan	nan	nan	nan	nan	nan	nan	nan	nan	nan	nan
2	6	9.053e+00	1.044e+01	5.688e+00	7.617e+00	4.332e+00	5.672e+00	3.925e+00	5.238e+00	3.735e+00	4.573e+00	3.302e+00	4.414e+00
2	7	8.035e+00	9.843e+00	5.450e+00	6.804e+00	3.680e+00	5.690e+00	3.680e+00	5.690e+00	3.302e+00	4.700e+00	3.302e+00	4.700e+00
2	8	8.199e+00	9.587e+00	4.848e+00	5.974e+00	4.300e+00	5.569e+00	4.121e+00	4.914e+00	4.105e+00	4.771e+00	3.978e+00	4.700e+00
2	9	7.648e+00	9.279e+00	5.522e+00	6.700e+00	4.401e+00	5.721e+00	3.957e+00	5.606e+00	3.662e+00	5.288e+00	2.742e+00	5.181e+00
2	10	nan	nan	nan	nan	nan	nan	nan	nan	nan	nan	nan	nan
3	0	nan	nan	nan	nan	nan	nan	nan	nan	nan	nan	nan	nan
3	1	8.034e+00	9.643e+00	5.237e+00	7.019e+00	4.067e+00	5.817e+00	3.639e+00	5.438e+00	3.320e+00	4.800e+00	3.320e+00	4.800e+00
3	2	8.197e+00	9.822e+00	5.153e+00	7.735e+00	3.831e+00	5.944e+00	3.700e+00	5.765e+00	3.331e+00	5.612e+00	3.024e+00	5.184e+00
3	3	7.868e+00	9.784e+00	5.175e+00	6.158e+00	4.821e+00	5.613e+00	3.886e+00	5.237e+00	3.337e+00	5.077e+00	2.966e+00	5.056e+00
3	4	7.855e+00	1.006e+01	5.631e+00	7.486e+00	4.121e+00	5.500e+00	4.032e+00	5.451e+00	3.750e+00	4.905e+00	3.360e+00	4.665e+00
3	5	nan	nan	nan	nan	nan	nan	nan	nan	nan	nan	nan	nan
3	6	8.089e+00	9.675e+00	5.180e+00	6.856e+00	3.935e+00	5.579e+00	3.842e+00	4.824e+00	3.842e+00	4.824e+00	3.365e+00	4.592e+00
3	7	8.149e+00	1.005e+01	5.495e+00	6.350e+00	4.117e+00	5.692e+00	4.012e+00	5.570e+00	3.138e+00	4.738e+00	3.138e+00	4.738e+00
3	8	7.929e+00	9.570e+00	5.045e+00	6.223e+00	3.945e+00	5.588e+00	3.945e+00	5.588e+00	2.765e+00	5.447e+00	2.765e+00	5.447e+00
3	9	8.139e+00	9.589e+00	5.144e+00	6.964e+00	4.343e+00	5.933e+00	4.027e+00	5.412e+00	3.997e+00	4.941e+00	3.461e+00	4.798e+00
3	10	nan	nan	nan	nan	nan	nan	nan	nan	nan	nan	nan	nan
4	0	nan	nan	nan	nan	nan	nan	nan	nan	nan	nan	nan	nan
4	1	7.935e+00	9.745e+00	5.486e+00	7.400e+00	3.614e+00	5.911e+00	3.204e+00	5.622e+00	3.170e+00	4.770e+00	3.131e+00	4.673e+00
4	2	7.763e+00	9.289e+00	4.828e+00	6.678e+00	4.482e+00	5.891e+00	4.145e+00	4.955e+00	3.531e+00	4.403e+00	3.446e+00	4.232e+00
4	3	7.949e+00	9.688e+00	4.914e+00	6.432e+00	4.563e+00	6.329e+00	3.962e+00	5.103e+00	3.429e+00	4.671e+00	3.429e+00	4.671e+00
4	4	7.814e+00	9.049e+00	4.898e+00	6.855e+00	3.844e+00	5.800e+00	3.672e+00	5.265e+00	3.546e+00	5.046e+00	3.131e+00	4.804e+00
4	5	nan	nan	nan	nan	nan	nan	nan	nan	nan	nan	nan	nan
4	6	9.001e+00	1.094e+01	4.869e+00	6.498e+00	3.931e+00	5.328e+00	3.931e+00	5.328e+00	3.748e+00	4.577e+00	3.695e+00	4.329e+00
4	7	8.028e+00	9.928e+00	5.785e+00	7.067e+00	4.546e+00	5.900e+00	3.376e+00	5.060e+00	3.376e+00	5.060e+00	3.339e+00	5.042e+00
4	8	7.457e+00	8.756e+00	5.543e+00	6.808e+00	4.139e+00	5.869e+00	4.139e+00	5.869e+00	3.412e+00	5.167e+00	3.412e+00	5.167e+00
4	9	8.453e+00	9.896e+00	5.015e+00	7.041e+00	4.047e+00	5.802e+00	3.949e+00	5.768e+00	3.749e+00	5.459e+00	2.986e+00	5.365e+00
4	10	nan	nan	nan	nan	nan	nan	nan	nan	nan	nan	nan	nan
5	0	7.872e+00	9.605e+00	5.044e+00	6.820e+00	4.139e+00	6.359e+00	3.505e+00	6.144e+00	3.238e+00	5.164e+00	3.186e+00	4.662e+00
5	1	nan	nan	nan	nan	nan	nan	nan	nan	nan	nan	nan	nan
5	2	nan	nan	nan	nan	nan	nan	nan	nan	nan	nan	nan	nan
5	3	nan	nan	nan	nan	nan	nan	nan	nan	nan	nan	nan	nan
5	4	nan	nan	nan	nan	nan	nan	nan	nan	nan	nan	nan	nan
5	5	8.039e+00	9.857e+00	4.973e+00	7.170e+00	3.843e+00	5.167e+00	3.843e+00	5.167e+00	3.688e+00	4.780e+00	3.358e+00	4.486e+00
5	6	nan	nan	nan	nan	nan	nan	nan	nan	nan	nan	nan	nan
5	7	nan	nan	nan	nan	nan	nan	nan	nan	nan	nan	nan	nan
5	8	nan	nan	nan	nan	nan	nan	nan	nan	nan	nan	nan	nan
5	9	nan	nan	nan	nan	nan	nan	nan	nan	nan	nan	nan	nan
5	10	8.263e+00	9.837e+00	5.053e+00	6.853e+00	3.758e+00	5.976e+00	3.534e+00	5.815e+00	3.443e+00	5.522e+00	3.146e+00	4.890e+00
6	0	nan	nan	nan	nan	nan	nan	nan	nan	nan	nan	nan	nan
6	1	7.228e+00	8.424e+00	5.864e+00	7.151e+00	4.833e+00	5.307e+00	3.703e+00	4.588e+00	3.703e+00	4.588e+00	3.425e+00	4.407e+00
6	2	8.237e+00	9.422e+00	5.629e+00	6.294e+00	4.933e+00	5.181e+00	3.938e+00	4.708e+00	3.815e+00	4.517e+00	3.370e+00	4.346e+00
6	3	8.093e+00	9.352e+00	5.513e+00	6.997e+00	4.536e+00	5.147e+00	4.137e+00	5.023e+00	3.485e+00	4.300e+00	3.485e+00	4.300e+00
6	4	8.400e+00	9.381e+00	5.527e+00	7.274e+00	4.708e+00	5.762e+00	3.953e+00	5.681e+00	3.260e+00	4.639e+00	3.109e+00	4.625e+00
6	5	nan	nan	nan	nan	nan	nan	nan	nan	nan	nan	nan	nan
6	6	8.366e+00	9.535e+00	5.232e+00	6.980e+00	3.845e+00	5.259e+00	3.743e+00	5.217e+00	3.470e+00	5.067e+00	3.470e+00	5.067e+00
6	7	7.993e+00	9.163e+00	4.934e+00	6.187e+00	4.495e+00	4.892e+00	4.481e+00	4.771e+00	4.095e+00	4.125e+00	4.095e+00	4.125e+00
6	8	8.161e+00	1.022e+01	5.398e+00	7.070e+00	4.075e+00	5.584e+00	3.942e+00	5.500e+00	3.757e+00	5.475e+00	3.364e+00	4.231e+00
6	9	8.812e+00	1.029e+01	4.941e+00	6.052e+00	3.978e+00	5.619e+00	3.978e+00	5.619e+00	3.748e+00	5.336e+00	3.338e+00	4.459e+00
6	10	nan	nan	nan	nan	nan	nan	nan	nan	nan	nan	nan	nan
7	0	nan	nan	nan	nan	nan	nan	nan	nan	nan	nan	nan	nan
7	1	8.632e+00	1.036e+01	5.528e+00	7.199e+00	4.439e+00	5.979e+00	4.088e+00	5.384e+00	3.623e+00	4.416e+00	3.510e+00	4.341e+00
7	2	8.038e+00	9.747e+00	5.439e+00	6.991e+00	4.274e+00	5.939e+00	3.821e+00	4.595e+00	3.682e+00	4.588e+00	3.682e+00	4.588e+00
7	3	8.044e+00	9.812e+00	5.678e+00	7.346e+00	4.455e+00	5.549e+00	3.686e+00	4.444e+00	3.523e+00	4.412e+00	3.523e+00	4.412e+00
7	4	8.458e+00	1.010e+01	5.340e+00	6.154e+00	4.363e+00	5.262e+00	3.827e+00	5.174e+00	3.420e+00	4.297e+00	3.415e+00	4.274e+00
7	5	nan	nan	nan	nan	nan	nan	nan	nan	nan	nan	nan	nan
7	6	7.423e+00	9.435e+00	5.134e+00	6.910e+00	4.530e+00	5.922e+00	4.468e+00	5.355e+00	4.068e+00	4.694e+00	4.051e+00	4.239e+00
7	7	8.573e+00	9.879e+00	5.147e+00	7.784e+00	4.285e+00	6.291e+00	3.940e+00	5.011e+00	3.866e+00	4.601e+00	3.833e+00	3.988e+00
7	8	8.054e+00	9.994e+00	5.370e+00	6.840e+00	4.464e+00	4.931e+00	4.244e+00	4.799e+00	4.112e+00	4.211e+00	3.822e+00	4.088e+00
7	9	8.751e+00	1.065e+01	4.693e+00	6.625e+00	4.636e+00	5.785e+00	3.895e+00	5.295e+00	3.829e+00	5.177e+00	3.706e+00	4.752e+00
7	10	nan	nan	nan	nan	nan	nan	nan	nan	nan	nan	nan	nan
8	0	nan	nan	nan	nan	nan	nan	nan	nan	nan	nan	nan	nan
8	1	8.161e+00	1.011e+01	5.428e+00	6.640e+00	4.928e+00	6.053e+00	4.166e+00	4.608e+00	4.166e+00	4.608e+00	3.670e+00	4.194e+00
8	2	7.366e+00	9.521e+00	6.172e+00	7.144e+00	4.247e+00	5.252e+00	3.734e+00	5.166e+00	3.668e+00	4.777e+00	3.638e+00	4.615e+00
8	3	8.050e+00	1.021e+01	5.478e+00	6.316e+00	4.486e+00	5.226e+00	4.035e+00	4.922e+00	3.718e+00	4.340e+00	3.718e+00	4.340e+00
8	4	7.438e+00	9.059e+00	5.474e+00	6.454e+00	4.294e+00	5.317e+00	3.908e+00	4.954e+00	3.908e+00	4.954e+00	3.239e+00	4.741e+00
8	5	nan	nan	nan	nan	nan	nan	nan	nan	nan	nan	nan	nan
8	6	8.506e+00	9.906e+00	5.427e+00	6.919e+00	4.545e+00	6.272e+00	3.714e+00	5.276e+00	3.513e+00	5.017e+00	3.509e+00	4.693e+00
8	7	9.409e+00	1.108e+01	5.593e+00	7.172e+00	3.375e+00	5.730e+00	3.375e+00	5.730e+00	3.375e+00	5.730e+00	3.006e+00	5.251e+00
8	8	7.256e+00	8.769e+00	5.306e+00	6.881e+00	4.504e+00	5.992e+00	4.047e+00	4.412e+00	4.047e+00	4.412e+00	3.820e+00	4.388e+00
8	9	7.847e+00	9.651e+00	5.374e+00	6.416e+00	4.660e+00	4.953e+00	4.632e+00	4.761e+00	4.446e+00	4.202e+00	4.228e+00	4.050e+00
8	10	nan	nan	nan	nan	nan	nan	nan	nan	nan	nan	nan	nan
9	0	nan	nan	nan	nan	nan	nan	nan	nan	nan	nan	nan	nan
9	1	8.929e+00	1.033e+01	5.881e+00	6.296e+00	4.820e+00	5.630e+00	4.041e+00	4.971e+00	3.962e+00	4.841e+00	3.724e+00	4.507e+00
9	2	7.975e+00	1.012e+01	5.531e+00	6.653e+00	4.978e+00	5.611e+00	3.732e+00	5.382e+00	3.643e+00	5.018e+00	3.146e+00	4.553e+00
9	3	8.305e+00	9.706e+00	5.902e+00	6.554e+00	5.167e+00	5.928e+00	4.101e+00	4.947e+00	3.687e+00	4.732e+00	3.325e+00	4.689e+00
9	4	9.081e+00	1.060e+01	5.304e+00	6.846e+00	4.183e+00	5.789e+00	3.972e+00	5.125e+00	3.638e+00	4.856e+00	3.585e+00	4.526e+00
9	5	nan	nan	nan	nan	nan	nan	nan	nan	nan	nan	nan	nan
9	6	8.118e+00	9.758e+00	5.599e+00	7.106e+00	4.421e+00	5.548e+00	3.744e+00	5.526e+00	3.496e+00	5.200e+00	3.392e+00	4.875e+00
9	7	7.047e+00	9.491e+00	6.189e+00	6.784e+00	4.536e+00	5.536e+00	4.093e+00	4.994e+00	3.978e+00	4.889e+00	3.663e+00	4.397e+00
9	8	7.254e+00	8.946e+00	5.397e+00	6.522e+00	4.776e+00	5.712e+00	3.928e+00	5.095e+00	3.839e+00	4.924e+00	3.759e+00	4.214e+00
9	9	7.985e+00	9.695e+00	4.850e+00	6.652e+00	4.614e+00	5.746e+00	4.444e+00	5.269e+00	4.055e+00	4.815e+00	3.613e+00	4.312e+00
9	10	nan	nan	nan	nan	nan	nan	nan	nan	nan	nan	nan	nan
10	0	nan	nan	nan	nan	nan	nan	nan	nan	nan	nan	nan	nan
10	1	nan	nan	nan	nan	nan	nan	nan	nan	nan	nan	nan	nan
10	2	nan	nan	nan	nan	nan	nan	nan	nan	nan	nan	nan	nan
10	3	nan	nan	nan	nan	nan	nan	nan	nan	nan	nan	nan	nan
10	4	nan	nan	nan	nan	nan	nan	nan	nan	nan	nan	nan	nan
10	5	8.520e+00	1.076e+01	5.088e+00	5.942e+00	4.619e+00	5.264e+00	4.032e+00	4.804e+00	4.032e+00	4.804e+00	3.763e+00	4.430e+00
10	6	nan	nan	nan	nan	nan	nan	nan	nan	nan	nan	nan	nan
10	7	nan	nan	nan	nan	nan	nan	nan	nan	nan	nan	nan	nan
10	8	nan	nan	nan	nan	nan	nan	nan	nan	nan	nan	nan	nan
10	9	nan	nan	nan	nan	nan	nan	nan	nan	nan	nan	nan	nan
10	10	nan	nan	nan	nan	nan	nan	nan	nan	nan	nan	nan	nan
