x	y	0.fitness.0.	0.fitness.1.	5000.fitness.0.	5000.fitness.1.	10000.fitness.0.	10000.fitness.1.	15000.fitness.0.	15000.fitness.1.	25000.fitness.0.	25000.fitness.1.	50000.fitness.0.	50000.fitness.1.
0	0	8.228e+00	1.007e+01	7.081e+00	9.246e+00	7.081e+00	9.246e+00	6.059e+00	8.330e+00	5.678e+00	7.173e+00	4.456e+00	5.765e+00
0	1	8.275e+00	1.063e+01	6.912e+00	8.675e+00	6.828e+00	8.335e+00	6.828e+00	8.335e+00	5.646e+00	6.973e+00	4.739e+00	5.912e+00
0	2	8.351e+00	9.714e+00	7.868e+00	9.090e+00	7.868e+00	9.090e+00	6.679e+00	8.283e+00	5.864e+00	6.371e+00	4.348e+00	5.647e+00
0	3	9.058e+00	1.051e+01	8.900e+00	1.038e+01	7.270e+00	9.314e+00	7.270e+00	9.314e+00	5.298e+00	6.802e+00	4.055e+00	5.517e+00
0	4	7.663e+00	9.780e+00	6.833e+00	8.833e+00	5.865e+00	7.452e+00	5.824e+00	6.946e+00	5.824e+00	6.946e+00	4.140e+00	5.176e+00
0	5	8.130e+00	9.675e+00	7.505e+00	8.923e+00	6.905e+00	8.307e+00	5.780e+00	6.868e+00	5.078e+00	6.285e+00	4.136e+00	5.577e+00
0	6	8.008e+00	9.829e+00	6.972e+00	9.120e+00	6.972e+00	9.120e+00	6.216e+00	7.181e+00	5.634e+00	6.833e+00	4.401e+00	5.541e+00
0	7	8.653e+00	1.049e+01	7.615e+00	8.597e+00	6.865e+00	8.423e+00	6.188e+00	8.024e+00	4.821e+00	6.939e+00	4.338e+00	5.923e+00
0	8	7.844e+00	9.348e+00	7.680e+00	9.276e+00	7.030e+00	8.569e+00	6.547e+00	7.870e+00	6.438e+00	7.828e+00	4.621e+00	6.559e+00
0	9	7.012e+00	9.209e+00	6.877e+00	9.156e+00	6.877e+00	9.156e+00	6.354e+00	8.709e+00	4.986e+00	7.008e+00	4.551e+00	6.118e+00
0	10	8.108e+00	9.304e+00	6.637e+00	8.197e+00	6.637e+00	8.197e+00	6.637e+00	8.197e+00	5.318e+00	7.386e+00	3.974e+00	5.635e+00
0	11	8.791e+00	1.041e+01	7.536e+00	9.598e+00	7.247e+00	9.055e+00	6.977e+00	8.190e+00	5.638e+00	6.916e+00	4.595e+00	5.463e+00
0	12	9.004e+00	1.038e+01	8.608e+00	9.147e+00	8.265e+00	8.473e+00	5.965e+00	7.371e+00	5.019e+00	6.792e+00	4.431e+00	6.252e+00
0	13	7.419e+00	8.421e+00	7.192e+00	8.168e+00	7.192e+00	8.168e+00	7.166e+00	8.025e+00	5.787e+00	7.381e+00	4.831e+00	5.956e+00
0	14	7.581e+00	9.595e+00	7.581e+00	9.595e+00	7.076e+00	9.154e+00	7.076e+00	9.154e+00	6.001e+00	7.342e+00	4.420e+00	5.274e+00
0	15	8.315e+00	1.033e+01	8.031e+00	1.000e+01	8.031e+00	1.000e+01	6.103e+00	8.555e+00	4.936e+00	6.564e+00	4.273e+00	5.837e+00
0	16	8.498e+00	9.826e+00	7.709e+00	9.094e+00	6.957e+00	8.676e+00	6.737e+00	8.213e+00	5.081e+00	6.766e+00	3.902e+00	5.799e+00
0	17	8.825e+00	1.083e+01	7.505e+00	9.177e+00	7.200e+00	8.737e+00	6.115e+00	7.865e+00	5.170e+00	6.765e+00	4.371e+00	6.245e+00
0	18	8.020e+00	9.471e+00	7.476e+00	9.248e+00	6.577e+00	7.527e+00	5.522e+00	7.477e+00	5.468e+00	7.336e+00	4.470e+00	4.894e+00
0	19	7.926e+00	9.246e+00	7.577e+00	8.744e+00	6.815e+00	8.332e+00	6.757e+00	7.886e+00	5.589e+00	6.218e+00	4.917e+00	5.421e+00
0	20	8.073e+00	9.357e+00	7.666e+00	9.188e+00	7.666e+00	9.188e+00	6.107e+00	7.001e+00	5.666e+00	6.676e+00	4.396e+00	5.579e+00
1	0	7.520e+00	8.920e+00	7.100e+00	8.446e+00	6.664e+00	8.221e+00	6.627e+00	7.761e+00	5.744e+00	7.332e+00	4.520e+00	5.724e+00
1	1	8.364e+00	1.058e+01	8.364e+00	1.058e+01	6.314e+00	8.098e+00	6.314e+00	8.098e+00	6.061e+00	7.518e+00	4.369e+00	6.121e+00
1	2	7.071e+00	9.567e+00	6.911e+00	9.444e+00	6.471e+00	8.895e+00	6.413e+00	8.495e+00	5.876e+00	7.166e+00	4.442e+00	6.275e+00
1	3	8.068e+00	9.829e+00	7.427e+00	9.459e+00	7.161e+00	9.311e+00	6.385e+00	8.353e+00	5.794e+00	6.975e+00	4.583e+00	6.214e+00
1	4	8.665e+00	1.002e+01	6.702e+00	8.388e+00	6.333e+00	8.125e+00	6.333e+00	8.125e+00	4.637e+00	6.392e+00	4.355e+00	5.449e+00
1	5	8.002e+00	9.823e+00	8.002e+00	9.823e+00	8.002e+00	9.823e+00	5.473e+00	6.866e+00	5.473e+00	6.866e+00	4.255e+00	5.747e+00
1	6	7.868e+00	9.629e+00	7.425e+00	8.189e+00	6.827e+00	7.862e+00	5.445e+00	6.909e+00	5.044e+00	6.353e+00	4.490e+00	5.484e+00
1	7	7.750e+00	8.738e+00	7.750e+00	8.738e+00	6.786e+00	8.022e+00	6.786e+00	8.022e+00	4.668e+00	5.825e+00	4.199e+00	5.476e+00
1	8	7.939e+00	1.012e+01	7.722e+00	9.769e+00	6.704e+00	8.431e+00	5.664e+00	7.375e+00	4.733e+00	6.963e+00	4.119e+00	6.418e+00
1	9	8.453e+00	9.990e+00	7.381e+00	9.495e+00	6.564e+00	8.705e+00	6.001e+00	8.175e+00	4.924e+00	6.732e+00	4.544e+00	5.588e+00
1	10	8.598e+00	1.030e+01	7.963e+00	9.716e+00	5.654e+00	7.200e+00	5.654e+00	7.200e+00	5.031e+00	6.375e+00	4.304e+00	5.908e+00
1	11	8.122e+00	1.030e+01	7.553e+00	9.675e+00	7.136e+00	9.321e+00	6.877e+00	8.997e+00	5.157e+00	6.762e+00	4.229e+00	5.538e+00
1	12	8.484e+00	9.926e+00	8.104e+00	9.659e+00	7.470e+00	9.189e+00	7.470e+00	9.189e+00	5.557e+00	6.922e+00	4.709e+00	5.236e+00
1	13	8.021e+00	9.268e+00	7.119e+00	8.985e+00	6.943e+00	8.366e+00	6.309e+00	7.775e+00	5.571e+00	6.221e+00	4.730e+00	5.694e+00
1	14	9.021e+00	1.061e+01	7.988e+00	9.634e+00	6.157e+00	8.140e+00	5.827e+00	8.100e+00	5.678e+00	7.519e+00	4.901e+00	6.155e+00
1	15	8.978e+00	1.011e+01	7.266e+00	8.864e+00	7.033e+00	8.193e+00	6.189e+00	7.021e+00	6.146e+00	6.899e+00	4.674e+00	5.632e+00
1	16	8.732e+00	1.036e+01	7.437e+00	9.147e+00	7.291e+00	9.043e+00	6.343e+00	7.837e+00	5.918e+00	7.260e+00	4.342e+00	5.931e+00
1	17	8.458e+00	1.020e+01	8.000e+00	9.683e+00	6.745e+00	7.690e+00	6.745e+00	7.690e+00	5.410e+00	6.579e+00	4.210e+00	6.281e+00
1	18	7.524e+00	9.510e+00	7.053e+00	8.977e+00	6.936e+00	8.237e+00	6.151e+00	7.957e+00	5.413e+00	6.897e+00	5.088e+00	5.849e+00
1	19	7.646e+00	8.748e+00	7.646e+00	8.748e+00	6.310e+00	7.708e+00	6.196e+00	7.610e+00	5.233e+00	6.955e+00	5.025e+00	6.273e+00
1	20	7.488e+00	9.203e+00	6.943e+00	8.759e+00	6.943e+00	8.759e+00	5.958e+00	7.952e+00	5.507e+00	7.085e+00	4.364e+00	5.803e+00
2	0	7.218e+00	9.079e+00	7.197e+00	8.932e+00	6.780e+00	8.522e+00	5.763e+00	7.636e+00	5.652e+00	6.975e+00	4.031e+00	5.787e+00
2	1	8.411e+00	1.015e+01	8.300e+00	1.001e+01	7.166e+00	8.630e+00	6.849e+00	8.559e+00	5.776e+00	6.923e+00	4.664e+00	5.414e+00
2	2	8.538e+00	1.010e+01	8.538e+00	1.010e+01	7.701e+00	9.829e+00	6.691e+00	9.097e+00	4.593e+00	6.445e+00	4.047e+00	5.640e+00
2	3	8.121e+00	9.756e+00	7.288e+00	8.617e+00	7.288e+00	8.617e+00	7.217e+00	8.617e+00	4.955e+00	6.832e+00	4.320e+00	6.061e+00
2	4	7.918e+00	9.788e+00	7.856e+00	9.787e+00	6.263e+00	8.310e+00	6.204e+00	8.016e+00	5.090e+00	6.794e+00	4.198e+00	5.196e+00
2	5	7.930e+00	9.362e+00	7.377e+00	9.333e+00	7.010e+00	8.848e+00	5.555e+00	7.428e+00	5.547e+00	7.202e+00	4.630e+00	4.793e+00
2	6	7.962e+00	9.748e+00	6.723e+00	8.587e+00	5.998e+00	6.913e+00	5.998e+00	6.913e+00	5.129e+00	6.751e+00	4.577e+00	6.258e+00
2	7	7.034e+00	8.312e+00	6.808e+00	7.995e+00	6.427e+00	7.687e+00	6.345e+00	7.136e+00	5.101e+00	5.749e+00	5.101e+00	5.749e+00
2	8	9.211e+00	1.068e+01	8.728e+00	1.037e+01	7.911e+00	8.283e+00	6.046e+00	6.955e+00	5.469e+00	6.734e+00	3.974e+00	5.615e+00
2	9	7.334e+00	9.257e+00	7.334e+00	9.257e+00	7.121e+00	9.137e+00	6.525e+00	8.250e+00	5.306e+00	6.395e+00	4.274e+00	5.753e+00
2	10	7.892e+00	9.600e+00	6.863e+00	8.618e+00	6.471e+00	8.325e+00	5.891e+00	7.573e+00	5.137e+00	6.255e+00	4.656e+00	5.917e+00
2	11	8.275e+00	1.016e+01	7.677e+00	9.352e+00	7.276e+00	9.119e+00	5.441e+00	6.758e+00	5.441e+00	6.758e+00	3.676e+00	5.360e+00
2	12	7.535e+00	9.581e+00	7.334e+00	9.363e+00	7.051e+00	9.236e+00	5.786e+00	7.485e+00	5.509e+00	7.473e+00	4.108e+00	5.519e+00
2	13	8.394e+00	1.013e+01	7.432e+00	9.517e+00	6.847e+00	8.310e+00	6.453e+00	7.789e+00	5.448e+00	6.254e+00	4.210e+00	5.501e+00
2	14	7.412e+00	8.768e+00	6.459e+00	8.191e+00	6.427e+00	7.598e+00	6.427e+00	7.598e+00	6.427e+00	7.598e+00	5.209e+00	5.868e+00
2	15	9.014e+00	1.068e+01	8.566e+00	1.038e+01	7.527e+00	9.760e+00	5.472e+00	8.186e+00	5.472e+00	8.186e+00	4.057e+00	7.201e+00
2	16	7.840e+00	9.837e+00	7.826e+00	9.780e+00	7.070e+00	9.041e+00	5.881e+00	8.015e+00	5.269e+00	7.652e+00	4.765e+00	6.069e+00
2	17	8.436e+00	1.023e+01	7.732e+00	9.028e+00	6.777e+00	8.415e+00	6.777e+00	8.415e+00	6.012e+00	7.164e+00	4.356e+00	5.899e+00
2	18	9.159e+00	1.132e+01	7.670e+00	9.609e+00	6.909e+00	8.323e+00	6.441e+00	7.846e+00	5.933e+00	6.994e+00	4.461e+00	6.121e+00
2	19	7.225e+00	9.315e+00	6.976e+00	8.785e+00	6.662e+00	8.383e+00	5.841e+00	7.207e+00	5.768e+00	7.061e+00	3.840e+00	6.193e+00
2	20	8.990e+00	1.034e+01	7.523e+00	8.763e+00	7.523e+00	8.763e+00	7.085e+00	7.972e+00	5.602e+00	6.729e+00	4.158e+00	6.100e+00
3	0	7.807e+00	9.102e+00	7.525e+00	8.919e+00	6.793e+00	8.305e+00	6.434e+00	7.834e+00	5.952e+00	6.769e+00	4.338e+00	5.762e+00
3	1	9.116e+00	1.023e+01	8.182e+00	9.535e+00	7.223e+00	8.519e+00	5.950e+00	7.357e+00	5.611e+00	7.081e+00	4.166e+00	5.884e+00
3	2	8.265e+00	1.029e+01	7.957e+00	9.869e+00	7.860e+00	9.341e+00	7.668e+00	8.979e+00	4.984e+00	7.161e+00	3.530e+00	5.598e+00
3	3	8.454e+00	1.040e+01	7.704e+00	9.708e+00	7.563e+00	9.372e+00	7.563e+00	9.372e+00	4.704e+00	6.448e+00	4.217e+00	4.948e+00
3	4	8.911e+00	1.010e+01	8.518e+00	9.741e+00	6.294e+00	7.746e+00	6.294e+00	7.746e+00	5.115e+00	7.061e+00	3.991e+00	4.870e+00
3	5	8.463e+00	1.043e+01	8.463e+00	1.043e+01	8.048e+00	9.728e+00	6.065e+00	7.752e+00	4.798e+00	6.015e+00	4.798e+00	6.015e+00
3	6	8.462e+00	1.021e+01	8.234e+00	9.876e+00	7.241e+00	8.709e+00	6.560e+00	8.057e+00	5.716e+00	6.651e+00	5.155e+00	4.514e+00
3	7	8.125e+00	9.909e+00	7.725e+00	9.172e+00	6.314e+00	7.203e+00	6.304e+00	6.871e+00	5.718e+00	6.247e+00	4.705e+00	5.490e+00
3	8	8.461e+00	1.017e+01	7.663e+00	8.943e+00	6.504e+00	8.152e+00	6.263e+00	7.585e+00	5.535e+00	7.221e+00	5.104e+00	5.686e+00
3	9	7.576e+00	9.549e+00	7.381e+00	9.163e+00	5.983e+00	7.032e+00	5.983e+00	7.032e+00	5.187e+00	6.443e+00	4.551e+00	5.493e+00
3	10	7.994e+00	9.343e+00	7.677e+00	9.290e+00	7.110e+00	8.215e+00	5.496e+00	7.121e+00	5.006e+00	6.473e+00	3.710e+00	5.330e+00
3	11	8.510e+00	1.077e+01	7.985e+00	9.824e+00	6.632e+00	8.098e+00	6.170e+00	7.576e+00	5.418e+00	7.031e+00	4.146e+00	5.929e+00
3	12	7.563e+00	9.473e+00	6.880e+00	8.499e+00	6.880e+00	8.499e+00	6.469e+00	8.214e+00	6.260e+00	7.870e+00	3.151e+00	5.899e+00
3	13	8.388e+00	9.781e+00	8.156e+00	9.606e+00	7.215e+00	8.156e+00	6.635e+00	8.078e+00	5.414e+00	6.701e+00	4.459e+00	5.278e+00
3	14	8.693e+00	1.015e+01	7.034e+00	7.854e+00	7.034e+00	7.854e+00	7.034e+00	7.854e+00	5.292e+00	6.676e+00	4.502e+00	6.017e+00
3	15	8.312e+00	1.002e+01	8.312e+00	1.002e+01	7.196e+00	9.585e+00	6.873e+00	8.915e+00	5.988e+00	8.605e+00	4.791e+00	5.968e+00
3	16	7.222e+00	9.650e+00	6.686e+00	9.085e+00	6.562e+00	8.837e+00	6.204e+00	8.833e+00	5.933e+00	8.293e+00	4.554e+00	5.849e+00
3	17	8.242e+00	1.043e+01	7.528e+00	9.564e+00	7.171e+00	8.674e+00	7.171e+00	8.674e+00	4.962e+00	7.189e+00	4.635e+00	5.739e+00
3	18	8.291e+00	9.755e+00	7.269e+00	8.917e+00	6.952e+00	8.427e+00	6.601e+00	7.882e+00	5.793e+00	6.832e+00	4.235e+00	5.635e+00
3	19	8.567e+00	1.049e+01	7.637e+00	9.353e+00	7.110e+00	9.183e+00	6.920e+00	8.805e+00	5.704e+00	7.295e+00	4.899e+00	6.300e+00
3	20	7.918e+00	1.005e+01	7.698e+00	9.943e+00	7.024e+00	8.743e+00	6.467e+00	8.692e+00	5.311e+00	7.475e+00	4.399e+00	7.054e+00
4	0	8.948e+00	1.019e+01	8.924e+00	1.013e+01	6.850e+00	8.516e+00	6.418e+00	7.935e+00	5.344e+00	7.470e+00	4.821e+00	5.540e+00
4	1	8.556e+00	9.874e+00	8.106e+00	9.725e+00	7.256e+00	8.924e+00	6.165e+00	8.253e+00	4.593e+00	6.392e+00	4.080e+00	5.191e+00
4	2	8.133e+00	9.678e+00	7.879e+00	9.377e+00	7.322e+00	8.831e+00	6.745e+00	8.242e+00	4.899e+00	6.429e+00	4.118e+00	5.341e+00
4	3	8.753e+00	1.027e+01	7.817e+00	9.376e+00	7.686e+00	9.371e+00	6.421e+00	8.104e+00	4.975e+00	6.705e+00	4.654e+00	5.419e+00
4	4	8.908e+00	1.022e+01	8.149e+00	9.048e+00	7.328e+00	8.427e+00	6.794e+00	8.214e+00	4.986e+00	6.009e+00	4.544e+00	5.215e+00
4	5	8.909e+00	1.034e+01	7.953e+00	9.314e+00	7.238e+00	7.891e+00	5.555e+00	6.132e+00	5.555e+00	6.132e+00	4.280e+00	5.901e+00
4	6	8.874e+00	9.893e+00	7.394e+00	8.279e+00	7.394e+00	8.279e+00	5.902e+00	6.775e+00	5.796e+00	6.664e+00	4.200e+00	5.928e+00
4	7	7.935e+00	9.514e+00	7.935e+00	9.514e+00	7.290e+00	8.147e+00	5.783e+00	6.893e+00	5.506e+00	6.745e+00	4.216e+00	5.811e+00
4	8	7.533e+00	9.284e+00	6.863e+00	8.570e+00	6.295e+00	8.234e+00	5.762e+00	8.028e+00	5.696e+00	7.673e+00	4.191e+00	5.862e+00
4	9	7.622e+00	9.154e+00	7.193e+00	8.763e+00	6.118e+00	7.007e+00	6.118e+00	7.007e+00	5.966e+00	6.541e+00	3.965e+00	5.194e+00
4	10	7.816e+00	8.880e+00	7.070e+00	8.222e+00	6.812e+00	7.909e+00	5.429e+00	6.878e+00	5.429e+00	6.878e+00	4.388e+00	5.790e+00
4	11	8.205e+00	9.778e+00	8.054e+00	9.516e+00	7.003e+00	9.005e+00	5.797e+00	7.446e+00	5.173e+00	6.638e+00	4.529e+00	5.749e+00
4	12	8.069e+00	9.222e+00	8.069e+00	9.222e+00	7.771e+00	8.864e+00	6.625e+00	8.035e+00	5.443e+00	6.964e+00	4.342e+00	5.292e+00
4	13	7.452e+00	8.978e+00	7.304e+00	8.499e+00	6.482e+00	7.834e+00	6.006e+00	7.274e+00	5.060e+00	6.674e+00	3.856e+00	5.795e+00
4	14	8.247e+00	1.019e+01	6.567e+00	8.271e+00	6.567e+00	8.271e+00	6.567e+00	8.271e+00	4.775e+00	6.414e+00	4.534e+00	5.736e+00
4	15	7.625e+00	8.891e+00	7.229e+00	8.587e+00	6.931e+00	8.066e+00	6.290e+00	7.645e+00	5.394e+00	6.998e+00	4.490e+00	5.370e+00
4	16	7.143e+00	9.318e+00	6.544e+00	8.875e+00	6.432e+00	8.547e+00	6.218e+00	7.886e+00	5.596e+00	7.075e+00	4.488e+00	5.579e+00
4	17	8.226e+00	9.889e+00	7.043e+00	8.132e+00	7.043e+00	8.132e+00	6.620e+00	7.821e+00	5.176e+00	6.695e+00	4.786e+00	6.245e+00
4	18	7.629e+00	9.258e+00	6.944e+00	8.779e+00	6.944e+00	8.779e+00	6.702e+00	8.120e+00	5.530e+00	6.096e+00	5.057e+00	5.243e+00
4	19	8.282e+00	9.995e+00	7.256e+00	9.060e+00	7.100e+00	8.284e+00	7.100e+00	8.284e+00	6.018e+00	6.485e+00	5.506e+00	5.955e+00
4	20	9.117e+00	1.104e+01	7.159e+00	9.164e+00	6.554e+00	8.269e+00	6.554e+00	8.269e+00	5.372e+00	7.304e+00	4.207e+00	5.411e+00
5	0	8.975e+00	1.099e+01	7.619e+00	8.616e+00	6.988e+00	8.209e+00	5.838e+00	7.442e+00	5.627e+00	6.899e+00	4.334e+00	5.579e+00
5	1	7.356e+00	8.998e+00	6.878e+00	8.049e+00	6.865e+00	7.591e+00	6.741e+00	7.319e+00	4.597e+00	5.996e+00	4.531e+00	5.233e+00
5	2	8.753e+00	1.010e+01	8.664e+00	9.872e+00	7.094e+00	8.741e+00	6.462e+00	7.574e+00	5.654e+00	7.022e+00	4.309e+00	5.939e+00
5	3	7.671e+00	1.011e+01	7.671e+00	1.011e+01	7.208e+00	9.074e+00	5.888e+00	8.036e+00	5.459e+00	6.812e+00	4.661e+00	5.527e+00
5	4	7.710e+00	9.119e+00	7.021e+00	8.525e+00	6.742e+00	8.049e+00	6.640e+00	7.702e+00	5.895e+00	6.351e+00	4.775e+00	5.834e+00
5	5	9.260e+00	1.018e+01	6.866e+00	8.507e+00	6.478e+00	8.256e+00	6.360e+00	7.531e+00	4.990e+00	6.567e+00	4.623e+00	5.859e+00
5	6	7.902e+00	9.151e+00	7.665e+00	8.771e+00	6.784e+00	7.370e+00	6.784e+00	7.370e+00	5.134e+00	6.463e+00	4.416e+00	5.950e+00
5	7	8.703e+00	1.031e+01	6.443e+00	8.585e+00	6.443e+00	8.585e+00	6.281e+00	7.675e+00	5.031e+00	7.062e+00	3.900e+00	5.665e+00
5	8	8.749e+00	1.024e+01	8.749e+00	1.024e+01	6.411e+00	7.884e+00	6.068e+00	7.306e+00	5.864e+00	7.019e+00	4.117e+00	6.174e+00
5	9	7.208e+00	9.765e+00	6.679e+00	9.140e+00	6.371e+00	8.409e+00	5.880e+00	7.867e+00	5.187e+00	6.589e+00	4.009e+00	5.710e+00
5	10	8.426e+00	9.974e+00	7.987e+00	9.377e+00	7.064e+00	8.839e+00	6.215e+00	6.660e+00	5.605e+00	6.263e+00	4.539e+00	5.340e+00
5	11	8.347e+00	1.001e+01	7.188e+00	9.352e+00	6.840e+00	8.571e+00	6.750e+00	8.506e+00	5.423e+00	6.580e+00	4.209e+00	5.330e+00
5	12	8.550e+00	9.630e+00	7.696e+00	8.677e+00	7.362e+00	8.370e+00	6.597e+00	7.836e+00	4.927e+00	6.613e+00	4.353e+00	5.420e+00
5	13	7.985e+00	9.255e+00	7.484e+00	8.740e+00	6.612e+00	7.990e+00	6.612e+00	7.990e+00	4.674e+00	6.472e+00	4.493e+00	5.763e+00
5	14	9.020e+00	1.118e+01	7.027e+00	8.522e+00	7.027e+00	8.522e+00	6.325e+00	7.841e+00	6.002e+00	7.752e+00	4.270e+00	5.463e+00
5	15	7.458e+00	9.044e+00	6.472e+00	7.939e+00	6.472e+00	7.939e+00	5.926e+00	7.480e+00	5.614e+00	6.975e+00	4.482e+00	5.952e+00
5	16	8.331e+00	9.736e+00	6.778e+00	8.559e+00	6.752e+00	8.387e+00	6.042e+00	7.629e+00	5.500e+00	7.454e+00	4.317e+00	5.554e+00
5	17	8.527e+00	1.010e+01	6.839e+00	8.797e+00	6.839e+00	8.797e+00	6.199e+00	7.513e+00	5.529e+00	7.084e+00	4.580e+00	6.089e+00
5	18	8.195e+00	9.150e+00	7.802e+00	8.771e+00	6.774e+00	8.558e+00	6.445e+00	8.270e+00	5.241e+00	7.196e+00	4.455e+00	6.219e+00
5	19	7.346e+00	9.022e+00	7.140e+00	8.761e+00	6.722e+00	8.307e+00	6.405e+00	7.628e+00	5.832e+00	6.679e+00	4.859e+00	5.972e+00
5	20	8.361e+00	9.489e+00	7.413e+00	9.427e+00	7.212e+00	9.096e+00	6.954e+00	8.686e+00	5.840e+00	6.574e+00	4.996e+00	5.576e+00
6	0	7.575e+00	9.183e+00	7.053e+00	8.857e+00	6.500e+00	8.255e+00	6.419e+00	7.862e+00	5.028e+00	6.368e+00	4.430e+00	6.214e+00
6	1	7.483e+00	8.925e+00	6.672e+00	8.646e+00	5.872e+00	7.336e+00	5.872e+00	7.336e+00	5.872e+00	7.336e+00	4.560e+00	5.686e+00
6	2	7.720e+00	9.894e+00	7.496e+00	9.271e+00	6.926e+00	8.804e+00	6.926e+00	8.804e+00	5.024e+00	7.105e+00	4.246e+00	5.841e+00
6	3	9.022e+00	1.018e+01	7.906e+00	9.094e+00	6.084e+00	8.426e+00	5.795e+00	7.994e+00	5.319e+00	7.234e+00	4.200e+00	5.936e+00
6	4	8.091e+00	9.612e+00	7.973e+00	9.532e+00	6.656e+00	8.351e+00	6.488e+00	8.081e+00	6.132e+00	7.147e+00	4.270e+00	5.714e+00
6	5	8.184e+00	1.007e+01	6.827e+00	8.991e+00	6.551e+00	8.492e+00	5.630e+00	7.306e+00	5.630e+00	7.306e+00	4.523e+00	6.253e+00
6	6	7.793e+00	9.762e+00	7.153e+00	9.260e+00	6.945e+00	8.141e+00	6.025e+00	7.677e+00	5.489e+00	6.880e+00	3.836e+00	6.108e+00
6	7	7.951e+00	9.617e+00	7.880e+00	9.481e+00	6.596e+00	8.594e+00	6.007e+00	7.070e+00	5.569e+00	6.747e+00	4.430e+00	5.936e+00
6	8	8.354e+00	9.893e+00	7.596e+00	9.358e+00	6.702e+00	8.865e+00	6.159e+00	8.093e+00	5.599e+00	6.747e+00	4.498e+00	5.671e+00
6	9	8.001e+00	9.869e+00	6.924e+00	8.837e+00	6.924e+00	8.837e+00	5.777e+00	7.213e+00	5.497e+00	6.924e+00	4.467e+00	5.497e+00
6	10	7.790e+00	9.565e+00	7.790e+00	9.565e+00	6.783e+00	8.541e+00	6.549e+00	8.403e+00	5.914e+00	7.064e+00	4.463e+00	5.288e+00
6	11	8.244e+00	1.006e+01	8.024e+00	9.475e+00	7.137e+00	8.210e+00	6.587e+00	7.678e+00	4.620e+00	5.834e+00	4.620e+00	5.834e+00
6	12	8.172e+00	9.668e+00	7.781e+00	9.044e+00	7.107e+00	8.270e+00	7.107e+00	8.270e+00	6.179e+00	7.492e+00	4.066e+00	5.384e+00
6	13	8.488e+00	9.866e+00	7.480e+00	9.016e+00	6.777e+00	8.036e+00	5.900e+00	7.353e+00	4.822e+00	6.303e+00	4.353e+00	5.913e+00
6	14	8.400e+00	1.001e+01	7.330e+00	9.271e+00	6.778e+00	8.241e+00	6.778e+00	8.241e+00	5.788e+00	7.052e+00	4.634e+00	5.839e+00
6	15	8.264e+00	1.010e+01	7.261e+00	9.216e+00	7.261e+00	9.216e+00	6.890e+00	8.382e+00	6.023e+00	6.890e+00	5.174e+00	5.035e+00
6	16	7.183e+00	9.567e+00	6.871e+00	8.899e+00	6.709e+00	8.023e+00	6.271e+00	7.623e+00	5.774e+00	6.803e+00	4.660e+00	5.285e+00
6	17	7.820e+00	9.238e+00	6.878e+00	8.730e+00	6.515e+00	8.503e+00	6.078e+00	7.613e+00	5.594e+00	6.830e+00	4.700e+00	5.524e+00
6	18	7.528e+00	9.805e+00	7.434e+00	9.726e+00	6.061e+00	8.216e+00	5.823e+00	7.698e+00	5.334e+00	7.113e+00	4.298e+00	6.321e+00
6	19	7.920e+00	9.812e+00	7.277e+00	9.751e+00	6.828e+00	8.839e+00	6.122e+00	7.326e+00	5.995e+00	6.780e+00	4.135e+00	5.498e+00
6	20	7.989e+00	9.755e+00	7.543e+00	8.939e+00	7.080e+00	8.916e+00	6.252e+00	7.408e+00	4.933e+00	6.032e+00	4.933e+00	6.032e+00
7	0	8.164e+00	1.013e+01	8.164e+00	1.013e+01	7.228e+00	8.958e+00	6.173e+00	8.102e+00	5.559e+00	7.136e+00	4.262e+00	5.502e+00
7	1	7.121e+00	9.395e+00	7.121e+00	9.395e+00	7.121e+00	9.395e+00	5.928e+00	7.759e+00	5.554e+00	7.475e+00	4.322e+00	6.156e+00
7	2	8.401e+00	9.980e+00	7.295e+00	9.428e+00	6.884e+00	8.589e+00	6.751e+00	8.383e+00	5.867e+00	7.955e+00	3.266e+00	5.483e+00
7	3	8.540e+00	1.024e+01	6.842e+00	8.688e+00	6.517e+00	8.150e+00	6.517e+00	8.150e+00	5.330e+00	7.463e+00	4.198e+00	6.159e+00
7	4	7.887e+00	9.926e+00	7.887e+00	9.926e+00	6.530e+00	8.906e+00	6.352e+00	8.379e+00	5.163e+00	7.126e+00	4.431e+00	5.758e+00
7	5	8.399e+00	9.756e+00	8.399e+00	9.756e+00	6.947e+00	8.413e+00	6.166e+00	7.451e+00	5.104e+00	7.038e+00	4.473e+00	5.897e+00
7	6	7.417e+00	9.517e+00	7.348e+00	9.099e+00	6.858e+00	8.974e+00	6.230e+00	7.860e+00	5.619e+00	7.034e+00	4.617e+00	4.638e+00
7	7	8.206e+00	9.776e+00	6.783e+00	8.544e+00	6.608e+00	8.307e+00	6.519e+00	7.908e+00	5.515e+00	6.710e+00	4.390e+00	5.849e+00
7	8	7.836e+00	9.325e+00	7.161e+00	8.611e+00	5.898e+00	6.950e+00	5.898e+00	6.950e+00	5.609e+00	6.524e+00	4.044e+00	5.432e+00
7	9	7.869e+00	9.694e+00	7.869e+00	9.694e+00	6.492e+00	8.165e+00	5.971e+00	7.323e+00	5.062e+00	6.508e+00	4.703e+00	5.488e+00
7	10	7.787e+00	9.222e+00	7.787e+00	9.222e+00	6.685e+00	7.863e+00	6.126e+00	7.284e+00	5.194e+00	6.715e+00	4.263e+00	5.347e+00
7	11	7.467e+00	9.523e+00	6.899e+00	9.187e+00	6.373e+00	8.239e+00	6.373e+00	8.239e+00	5.870e+00	7.483e+00	4.631e+00	5.701e+00
7	12	7.425e+00	9.700e+00	7.273e+00	9.292e+00	5.999e+00	8.080e+00	5.999e+00	8.080e+00	5.324e+00	7.231e+00	4.657e+00	6.215e+00
7	13	8.411e+00	1.016e+01	7.890e+00	9.496e+00	6.673e+00	8.284e+00	5.736e+00	7.836e+00	5.288e+00	7.231e+00	4.487e+00	6.219e+00
7	14	8.766e+00	1.064e+01	7.091e+00	8.853e+00	6.489e+00	8.014e+00	5.762e+00	7.673e+00	4.408e+00	6.878e+00	4.071e+00	6.115e+00
7	15	7.704e+00	9.514e+00	6.935e+00	9.484e+00	6.899e+00	8.169e+00	6.128e+00	7.661e+00	5.074e+00	6.267e+00	4.137e+00	6.000e+00
7	16	8.301e+00	9.927e+00	8.119e+00	9.768e+00	7.557e+00	9.155e+00	6.682e+00	8.112e+00	4.875e+00	6.507e+00	4.233e+00	6.063e+00
7	17	8.979e+00	1.016e+01	8.257e+00	9.790e+00	6.489e+00	7.756e+00	6.489e+00	7.756e+00	4.920e+00	6.043e+00	3.931e+00	4.995e+00
7	18	7.474e+00	8.794e+00	7.327e+00	8.638e+00	7.036e+00	7.980e+00	5.782e+00	7.431e+00	5.723e+00	6.903e+00	4.258e+00	5.066e+00
7	19	8.860e+00	1.066e+01	7.372e+00	9.102e+00	6.611e+00	7.714e+00	5.903e+00	7.285e+00	5.395e+00	6.727e+00	4.329e+00	5.494e+00
7	20	7.942e+00	9.417e+00	7.942e+00	9.417e+00	7.483e+00	8.546e+00	6.796e+00	7.505e+00	6.086e+00	6.804e+00	4.383e+00	5.934e+00
8	0	8.691e+00	9.816e+00	8.294e+00	9.485e+00	7.585e+00	8.298e+00	7.479e+00	7.895e+00	6.424e+00	7.072e+00	4.955e+00	5.138e+00
8	1	7.268e+00	9.517e+00	7.268e+00	9.517e+00	7.268e+00	9.517e+00	7.034e+00	8.310e+00	4.988e+00	6.554e+00	4.316e+00	5.637e+00
8	2	8.109e+00	9.525e+00	7.713e+00	9.018e+00	6.765e+00	8.121e+00	5.698e+00	7.224e+00	5.698e+00	7.224e+00	3.718e+00	5.973e+00
8	3	8.115e+00	9.944e+00	7.669e+00	9.420e+00	6.592e+00	8.653e+00	5.601e+00	7.477e+00	5.581e+00	7.099e+00	3.560e+00	5.484e+00
8	4	8.821e+00	1.057e+01	7.659e+00	9.745e+00	7.659e+00	9.745e+00	7.394e+00	9.258e+00	5.894e+00	6.998e+00	4.546e+00	5.862e+00
8	5	8.050e+00	9.762e+00	7.752e+00	8.899e+00	7.681e+00	8.814e+00	6.956e+00	8.159e+00	5.346e+00	6.657e+00	4.022e+00	4.768e+00
8	6	8.278e+00	9.821e+00	8.221e+00	9.599e+00	7.146e+00	8.891e+00	6.331e+00	8.229e+00	5.370e+00	7.164e+00	4.277e+00	5.652e+00
8	7	8.454e+00	9.968e+00	7.929e+00	9.791e+00	7.450e+00	9.079e+00	6.241e+00	7.656e+00	5.306e+00	6.981e+00	4.181e+00	5.707e+00
8	8	7.041e+00	9.385e+00	6.620e+00	8.222e+00	6.620e+00	8.222e+00	5.698e+00	7.549e+00	4.891e+00	6.438e+00	4.318e+00	5.655e+00
8	9	8.153e+00	9.707e+00	6.662e+00	8.394e+00	5.461e+00	7.037e+00	5.461e+00	7.037e+00	5.138e+00	6.321e+00	4.308e+00	5.736e+00
8	10	8.607e+00	1.046e+01	7.367e+00	9.594e+00	6.031e+00	7.367e+00	6.031e+00	7.367e+00	5.426e+00	6.981e+00	4.315e+00	5.697e+00
8	11	7.445e+00	9.213e+00	6.346e+00	7.758e+00	5.812e+00	7.271e+00	5.812e+00	7.271e+00	5.404e+00	6.975e+00	4.453e+00	5.518e+00
8	12	7.518e+00	8.789e+00	7.474e+00	8.712e+00	7.213e+00	8.399e+00	5.538e+00	7.538e+00	5.465e+00	6.868e+00	4.132e+00	5.247e+00
8	13	7.808e+00	9.553e+00	6.704e+00	8.879e+00	6.107e+00	8.531e+00	5.755e+00	7.410e+00	5.311e+00	6.610e+00	4.727e+00	6.051e+00
8	14	8.022e+00	9.200e+00	7.460e+00	8.598e+00	6.874e+00	7.833e+00	6.874e+00	7.833e+00	5.286e+00	7.272e+00	4.692e+00	6.032e+00
8	15	8.195e+00	9.673e+00	7.654e+00	9.464e+00	7.211e+00	9.226e+00	6.490e+00	8.176e+00	4.956e+00	6.710e+00	3.749e+00	5.130e+00
8	16	6.925e+00	8.922e+00	6.128e+00	8.018e+00	6.022e+00	8.015e+00	5.877e+00	6.908e+00	4.899e+00	6.208e+00	4.369e+00	5.300e+00
8	17	7.724e+00	9.972e+00	7.618e+00	9.506e+00	7.216e+00	9.084e+00	7.216e+00	9.084e+00	6.207e+00	6.899e+00	4.714e+00	5.602e+00
8	18	7.571e+00	9.545e+00	7.436e+00	9.305e+00	6.775e+00	7.857e+00	6.440e+00	7.722e+00	5.406e+00	7.132e+00	4.210e+00	5.938e+00
8	19	7.525e+00	9.393e+00	7.224e+00	9.176e+00	6.318e+00	6.948e+00	6.318e+00	6.948e+00	6.167e+00	6.594e+00	4.669e+00	4.979e+00
8	20	7.357e+00	8.704e+00	6.783e+00	7.848e+00	6.780e+00	7.503e+00	5.780e+00	7.295e+00	5.736e+00	6.390e+00	4.678e+00	5.669e+00
9	0	8.013e+00	9.542e+00	6.926e+00	8.601e+00	6.370e+00	8.001e+00	5.845e+00	7.798e+00	5.321e+00	6.744e+00	4.692e+00	5.175e+00
9	1	8.205e+00	1.007e+01	7.659e+00	9.721e+00	7.659e+00	9.721e+00	6.095e+00	7.442e+00	5.622e+00	6.500e+00	4.273e+00	5.330e+00
9	2	7.308e+00	9.275e+00	6.497e+00	8.432e+00	6.497e+00	8.432e+00	6.292e+00	8.056e+00	5.150e+00	6.805e+00	4.283e+00	5.511e+00
9	3	8.399e+00	1.011e+01	7.606e+00	9.374e+00	6.627e+00	8.443e+00	5.862e+00	7.293e+00	4.737e+00	6.338e+00	3.927e+00	5.372e+00
9	4	7.464e+00	9.642e+00	7.334e+00	8.574e+00	7.053e+00	8.233e+00	6.978e+00	7.961e+00	5.602e+00	6.636e+00	4.055e+00	5.346e+00
9	5	8.277e+00	1.002e+01	7.475e+00	9.105e+00	7.275e+00	8.732e+00	6.932e+00	8.420e+00	5.382e+00	6.056e+00	4.768e+00	5.354e+00
9	6	7.755e+00	9.616e+00	7.218e+00	9.108e+00	6.393e+00	7.499e+00	5.906e+00	7.320e+00	5.795e+00	6.709e+00	4.480e+00	5.715e+00
9	7	8.012e+00	9.911e+00	7.206e+00	8.494e+00	6.666e+00	8.312e+00	5.549e+00	7.487e+00	5.223e+00	7.310e+00	3.872e+00	5.328e+00
9	8	7.811e+00	9.580e+00	7.382e+00	9.313e+00	5.923e+00	7.659e+00	5.923e+00	7.659e+00	5.248e+00	6.942e+00	4.292e+00	6.033e+00
9	9	8.207e+00	9.807e+00	7.018e+00	8.982e+00	6.359e+00	8.593e+00	6.281e+00	7.585e+00	5.058e+00	6.350e+00	4.549e+00	5.723e+00
9	10	6.842e+00	9.017e+00	6.727e+00	8.977e+00	6.162e+00	7.458e+00	5.527e+00	6.055e+00	5.287e+00	5.965e+00	4.643e+00	5.747e+00
9	11	7.700e+00	9.505e+00	6.623e+00	8.640e+00	6.623e+00	8.640e+00	5.826e+00	7.687e+00	5.118e+00	6.622e+00	4.331e+00	5.921e+00
9	12	7.761e+00	9.690e+00	6.372e+00	8.274e+00	6.372e+00	8.274e+00	5.705e+00	7.611e+00	4.495e+00	6.066e+00	4.374e+00	5.884e+00
9	13	8.087e+00	9.341e+00	7.018e+00	9.284e+00	6.803e+00	8.495e+00	5.944e+00	8.074e+00	5.493e+00	7.193e+00	4.394e+00	6.741e+00
9	14	7.786e+00	8.842e+00	7.557e+00	8.671e+00	6.993e+00	7.788e+00	6.993e+00	7.788e+00	5.972e+00	7.272e+00	4.323e+00	5.749e+00
9	15	8.781e+00	1.060e+01	7.681e+00	9.381e+00	5.956e+00	7.846e+00	5.956e+00	7.846e+00	4.777e+00	6.429e+00	4.476e+00	6.418e+00
9	16	8.152e+00	9.534e+00	7.631e+00	8.809e+00	7.294e+00	8.758e+00	6.517e+00	7.835e+00	6.508e+00	7.381e+00	4.452e+00	5.389e+00
9	17	7.563e+00	9.494e+00	7.465e+00	9.191e+00	7.351e+00	9.164e+00	6.673e+00	8.526e+00	5.817e+00	7.883e+00	4.384e+00	5.841e+00
9	18	8.995e+00	1.024e+01	8.047e+00	9.840e+00	6.680e+00	7.448e+00	6.680e+00	7.448e+00	5.152e+00	5.980e+00	4.714e+00	5.850e+00
9	19	8.940e+00	1.055e+01	7.085e+00	9.009e+00	6.290e+00	7.573e+00	6.199e+00	6.950e+00	5.792e+00	6.825e+00	4.425e+00	5.419e+00
9	20	8.073e+00	9.096e+00	7.120e+00	7.914e+00	6.918e+00	7.705e+00	6.173e+00	7.550e+00	5.279e+00	7.127e+00	4.021e+00	5.012e+00
10	0	7.855e+00	9.797e+00	6.651e+00	7.905e+00	6.385e+00	7.757e+00	6.013e+00	7.687e+00	4.935e+00	6.853e+00	4.098e+00	5.846e+00
10	1	8.514e+00	1.002e+01	7.509e+00	8.737e+00	6.690e+00	8.431e+00	6.285e+00	8.339e+00	4.655e+00	6.531e+00	4.107e+00	5.628e+00
10	2	7.824e+00	9.507e+00	7.305e+00	9.069e+00	5.945e+00	7.507e+00	5.945e+00	7.507e+00	5.281e+00	7.125e+00	4.621e+00	5.867e+00
10	3	8.501e+00	1.016e+01	8.136e+00	9.847e+00	7.301e+00	8.215e+00	6.665e+00	7.901e+00	5.136e+00	6.935e+00	4.014e+00	5.608e+00
10	4	7.940e+00	8.840e+00	7.066e+00	8.830e+00	7.066e+00	8.830e+00	6.290e+00	7.806e+00	4.500e+00	6.842e+00	4.067e+00	5.660e+00
10	5	8.090e+00	9.516e+00	7.382e+00	8.908e+00	6.923e+00	8.214e+00	6.865e+00	7.914e+00	4.586e+00	6.735e+00	3.995e+00	6.492e+00
10	6	8.313e+00	9.986e+00	7.785e+00	9.901e+00	7.367e+00	8.583e+00	7.120e+00	8.327e+00	6.601e+00	7.871e+00	4.396e+00	5.381e+00
10	7	7.928e+00	9.715e+00	7.437e+00	9.448e+00	6.525e+00	8.077e+00	5.656e+00	7.255e+00	5.368e+00	6.363e+00	4.486e+00	6.009e+00
10	8	7.610e+00	9.329e+00	7.428e+00	8.957e+00	7.428e+00	8.957e+00	6.728e+00	8.634e+00	4.969e+00	6.635e+00	4.265e+00	5.702e+00
10	9	8.996e+00	1.049e+01	7.703e+00	9.184e+00	6.278e+00	8.200e+00	5.644e+00	7.375e+00	4.732e+00	6.544e+00	4.202e+00	6.241e+00
10	10	8.382e+00	9.890e+00	6.427e+00	8.178e+00	5.526e+00	7.263e+00	5.486e+00	6.987e+00	4.797e+00	6.019e+00	4.362e+00	4.939e+00
10	11	7.876e+00	9.789e+00	7.457e+00	9.137e+00	7.260e+00	8.361e+00	6.715e+00	7.581e+00	5.612e+00	7.229e+00	4.059e+00	6.024e+00
10	12	7.891e+00	9.967e+00	7.727e+00	9.457e+00	6.368e+00	7.984e+00	6.368e+00	7.984e+00	5.574e+00	6.872e+00	3.963e+00	5.592e+00
10	13	8.200e+00	1.007e+01	7.649e+00	8.724e+00	6.299e+00	7.968e+00	5.857e+00	7.353e+00	5.234e+00	6.765e+00	4.863e+00	5.995e+00
10	14	7.853e+00	8.855e+00	7.853e+00	8.855e+00	6.955e+00	8.590e+00	6.268e+00	7.668e+00	5.409e+00	6.880e+00	3.892e+00	5.879e+00
10	15	8.309e+00	1.012e+01	8.304e+00	1.005e+01	6.946e+00	8.602e+00	6.946e+00	8.602e+00	5.411e+00	6.889e+00	3.993e+00	5.496e+00
10	16	8.338e+00	1.053e+01	8.034e+00	9.677e+00	7.239e+00	8.768e+00	6.798e+00	7.599e+00	5.553e+00	7.047e+00	4.368e+00	5.994e+00
10	17	7.877e+00	9.515e+00	7.737e+00	8.975e+00	7.717e+00	8.879e+00	7.541e+00	8.536e+00	5.296e+00	6.673e+00	4.735e+00	5.816e+00
10	18	8.579e+00	1.006e+01	6.865e+00	7.913e+00	6.693e+00	7.547e+00	6.223e+00	6.782e+00	5.897e+00	6.484e+00	3.918e+00	4.717e+00
10	19	7.992e+00	1.007e+01	6.997e+00	8.103e+00	6.997e+00	8.103e+00	6.397e+00	7.420e+00	5.906e+00	6.411e+00	3.738e+00	5.409e+00
10	20	8.235e+00	9.932e+00	7.192e+00	8.539e+00	6.632e+00	8.059e+00	6.231e+00	7.647e+00	5.474e+00	6.837e+00	4.037e+00	5.625e+00
11	0	8.242e+00	9.462e+00	7.409e+00	9.024e+00	7.409e+00	9.024e+00	6.924e+00	8.583e+00	4.911e+00	6.718e+00	4.546e+00	5.438e+00
11	1	7.509e+00	9.086e+00	7.449e+00	8.840e+00	6.713e+00	8.434e+00	6.423e+00	7.984e+00	4.949e+00	6.323e+00	4.232e+00	6.034e+00
11	2	7.253e+00	8.601e+00	6.592e+00	7.917e+00	6.592e+00	7.917e+00	6.013e+00	7.616e+00	4.934e+00	6.497e+00	4.327e+00	5.730e+00
11	3	7.027e+00	8.600e+00	7.027e+00	8.600e+00	6.316e+00	8.044e+00	5.746e+00	7.527e+00	5.260e+00	7.271e+00	4.350e+00	6.262e+00
11	4	8.627e+00	1.024e+01	8.287e+00	9.388e+00	7.439e+00	8.708e+00	6.649e+00	8.029e+00	4.808e+00	6.959e+00	4.155e+00	5.654e+00
11	5	8.409e+00	1.006e+01	6.907e+00	8.870e+00	6.797e+00	8.842e+00	6.648e+00	8.442e+00	5.865e+00	7.594e+00	4.753e+00	5.963e+00
11	6	7.962e+00	1.006e+01	7.836e+00	9.927e+00	6.763e+00	8.513e+00	6.684e+00	8.288e+00	5.614e+00	7.315e+00	4.046e+00	5.451e+00
11	7	8.054e+00	9.654e+00	6.545e+00	8.045e+00	6.301e+00	7.718e+00	6.301e+00	7.718e+00	5.184e+00	6.948e+00	4.160e+00	5.886e+00
11	8	7.605e+00	9.185e+00	6.866e+00	8.773e+00	6.866e+00	8.773e+00	6.173e+00	8.353e+00	5.012e+00	6.802e+00	4.196e+00	6.377e+00
11	9	7.487e+00	9.413e+00	7.281e+00	9.094e+00	7.030e+00	8.340e+00	5.703e+00	7.681e+00	4.998e+00	6.982e+00	4.819e+00	6.079e+00
11	10	8.683e+00	1.010e+01	7.843e+00	9.410e+00	7.232e+00	8.521e+00	5.561e+00	7.677e+00	4.857e+00	7.504e+00	3.970e+00	6.333e+00
11	11	8.465e+00	1.016e+01	7.690e+00	9.569e+00	7.690e+00	9.569e+00	6.575e+00	7.774e+00	5.789e+00	7.242e+00	4.206e+00	5.718e+00
11	12	8.600e+00	1.051e+01	8.265e+00	9.468e+00	8.209e+00	9.183e+00	6.378e+00	7.545e+00	5.336e+00	6.840e+00	4.791e+00	6.368e+00
11	13	8.341e+00	9.546e+00	7.827e+00	9.089e+00	7.224e+00	9.084e+00	6.495e+00	8.165e+00	5.452e+00	7.093e+00	4.111e+00	5.657e+00
11	14	7.461e+00	8.897e+00	7.461e+00	8.897e+00	7.386e+00	8.512e+00	6.558e+00	7.930e+00	5.301e+00	6.681e+00	4.394e+00	5.481e+00
11	15	8.359e+00	9.885e+00	7.792e+00	8.792e+00	7.128e+00	8.510e+00	6.245e+00	7.676e+00	5.226e+00	6.397e+00	4.464e+00	4.661e+00
11	16	8.796e+00	1.062e+01	7.600e+00	9.897e+00	7.151e+00	8.795e+00	6.193e+00	8.338e+00	5.455e+00	5.869e+00	4.836e+00	5.698e+00
11	17	8.560e+00	9.965e+00	7.916e+00	9.493e+00	7.449e+00	8.362e+00	6.166e+00	7.499e+00	5.540e+00	7.021e+00	3.959e+00	5.679e+00
11	18	7.666e+00	9.310e+00	7.626e+00	8.709e+00	6.298e+00	7.761e+00	6.298e+00	7.761e+00	4.882e+00	5.736e+00	4.046e+00	4.711e+00
11	19	7.801e+00	9.509e+00	7.449e+00	9.344e+00	6.447e+00	8.260e+00	6.080e+00	7.770e+00	5.163e+00	5.979e+00	4.055e+00	4.954e+00
11	20	7.944e+00	9.358e+00	7.291e+00	9.077e+00	6.541e+00	8.104e+00	5.514e+00	6.840e+00	4.750e+00	5.902e+00	4.408e+00	5.491e+00
12	0	7.048e+00	8.899e+00	6.582e+00	8.542e+00	6.507e+00	8.341e+00	6.408e+00	8.048e+00	4.774e+00	6.347e+00	4.319e+00	6.246e+00
12	1	8.760e+00	1.032e+01	7.250e+00	8.796e+00	6.439e+00	8.134e+00	5.964e+00	7.312e+00	4.233e+00	6.031e+00	4.157e+00	6.026e+00
12	2	7.372e+00	9.379e+00	6.881e+00	8.651e+00	6.296e+00	8.343e+00	6.296e+00	8.343e+00	5.735e+00	7.387e+00	4.095e+00	5.855e+00
12	3	8.100e+00	9.817e+00	7.198e+00	8.869e+00	6.629e+00	8.616e+00	5.961e+00	8.104e+00	4.921e+00	7.078e+00	4.364e+00	5.971e+00
12	4	7.859e+00	9.980e+00	7.767e+00	9.855e+00	7.174e+00	9.304e+00	5.796e+00	8.182e+00	5.138e+00	7.572e+00	4.235e+00	6.080e+00
12	5	9.154e+00	1.054e+01	7.117e+00	9.047e+00	6.966e+00	8.589e+00	6.748e+00	7.824e+00	5.891e+00	6.975e+00	3.970e+00	5.781e+00
12	6	7.310e+00	9.398e+00	6.924e+00	9.060e+00	6.924e+00	9.060e+00	6.563e+00	8.292e+00	5.168e+00	6.335e+00	4.865e+00	5.701e+00
12	7	7.548e+00	9.355e+00	7.548e+00	9.355e+00	6.796e+00	7.779e+00	5.387e+00	7.070e+00	4.758e+00	6.937e+00	4.680e+00	6.016e+00
12	8	7.773e+00	8.681e+00	6.807e+00	8.219e+00	6.463e+00	8.136e+00	6.255e+00	7.455e+00	5.431e+00	6.890e+00	4.307e+00	5.440e+00
12	9	8.323e+00	1.025e+01	7.327e+00	8.560e+00	7.327e+00	8.560e+00	5.578e+00	7.447e+00	5.022e+00	7.233e+00	3.989e+00	5.659e+00
12	10	7.659e+00	8.890e+00	6.432e+00	8.472e+00	6.432e+00	8.472e+00	5.713e+00	8.008e+00	5.391e+00	7.319e+00	4.202e+00	6.390e+00
12	11	8.515e+00	1.028e+01	7.749e+00	9.076e+00	6.637e+00	8.188e+00	6.290e+00	7.429e+00	4.802e+00	7.034e+00	3.535e+00	6.188e+00
12	12	7.951e+00	9.292e+00	7.755e+00	8.922e+00	7.399e+00	8.834e+00	6.369e+00	8.335e+00	5.114e+00	7.636e+00	4.535e+00	6.126e+00
12	13	7.548e+00	1.000e+01	7.141e+00	9.682e+00	6.622e+00	8.785e+00	6.622e+00	8.785e+00	5.661e+00	7.601e+00	4.591e+00	5.557e+00
12	14	7.762e+00	9.353e+00	7.640e+00	8.726e+00	6.774e+00	8.350e+00	6.774e+00	8.350e+00	5.843e+00	7.645e+00	4.057e+00	5.715e+00
12	15	8.316e+00	1.005e+01	7.490e+00	8.895e+00	7.021e+00	8.860e+00	6.701e+00	8.583e+00	5.869e+00	6.654e+00	4.688e+00	5.643e+00
12	16	7.947e+00	9.727e+00	7.175e+00	8.494e+00	7.175e+00	8.494e+00	6.624e+00	7.417e+00	5.846e+00	6.580e+00	4.510e+00	5.695e+00
12	17	8.477e+00	1.025e+01	7.059e+00	8.997e+00	7.059e+00	8.997e+00	6.725e+00	7.949e+00	6.023e+00	7.814e+00	4.146e+00	5.531e+00
12	18	8.744e+00	1.040e+01	8.423e+00	1.016e+01	6.101e+00	7.756e+00	5.620e+00	7.379e+00	5.166e+00	6.545e+00	4.299e+00	5.456e+00
12	19	8.858e+00	9.882e+00	7.627e+00	9.706e+00	6.935e+00	8.536e+00	6.418e+00	8.406e+00	4.734e+00	6.129e+00	4.070e+00	6.120e+00
12	20	8.318e+00	9.537e+00	7.238e+00	8.704e+00	6.523e+00	8.423e+00	6.523e+00	8.423e+00	5.867e+00	7.146e+00	4.510e+00	5.725e+00
13	0	8.160e+00	1.033e+01	6.001e+00	7.908e+00	5.924e+00	7.662e+00	5.924e+00	7.662e+00	5.436e+00	6.996e+00	4.200e+00	5.920e+00
13	1	7.079e+00	9.193e+00	6.214e+00	8.203e+00	5.952e+00	7.994e+00	5.839e+00	7.297e+00	5.283e+00	6.660e+00	4.552e+00	5.913e+00
13	2	8.797e+00	1.031e+01	6.383e+00	8.486e+00	6.256e+00	8.182e+00	5.976e+00	7.558e+00	5.198e+00	7.112e+00	4.239e+00	5.880e+00
13	3	8.183e+00	9.853e+00	6.017e+00	7.671e+00	6.017e+00	7.671e+00	6.017e+00	7.671e+00	5.371e+00	7.196e+00	4.133e+00	6.327e+00
13	4	8.219e+00	1.022e+01	6.737e+00	8.883e+00	6.634e+00	8.794e+00	6.634e+00	8.794e+00	6.238e+00	8.257e+00	4.116e+00	5.864e+00
13	5	8.583e+00	9.729e+00	8.163e+00	9.313e+00	6.806e+00	8.289e+00	5.822e+00	7.125e+00	5.021e+00	6.703e+00	3.853e+00	5.797e+00
13	6	8.547e+00	1.015e+01	7.216e+00	9.050e+00	6.834e+00	7.753e+00	6.088e+00	7.137e+00	4.809e+00	5.758e+00	4.809e+00	5.758e+00
13	7	7.364e+00	9.530e+00	6.999e+00	8.949e+00	6.318e+00	8.411e+00	6.208e+00	7.835e+00	5.141e+00	7.132e+00	4.621e+00	5.008e+00
13	8	8.792e+00	1.038e+01	7.828e+00	8.469e+00	6.420e+00	7.829e+00	6.212e+00	7.750e+00	4.970e+00	7.035e+00	4.713e+00	5.878e+00
13	9	8.917e+00	1.064e+01	7.570e+00	9.964e+00	6.946e+00	9.130e+00	6.026e+00	7.927e+00	4.912e+00	6.996e+00	4.860e+00	5.986e+00
13	10	8.249e+00	9.287e+00	7.472e+00	8.789e+00	5.322e+00	7.685e+00	5.322e+00	7.685e+00	5.322e+00	7.685e+00	4.095e+00	5.868e+00
13	11	7.115e+00	9.346e+00	7.115e+00	9.346e+00	7.115e+00	9.346e+00	6.057e+00	8.311e+00	4.753e+00	5.993e+00	4.518e+00	5.415e+00
13	12	7.953e+00	1.012e+01	6.849e+00	8.963e+00	6.446e+00	8.453e+00	6.190e+00	7.804e+00	5.112e+00	7.352e+00	4.203e+00	5.585e+00
13	13	8.657e+00	1.071e+01	8.068e+00	9.856e+00	7.415e+00	8.795e+00	6.445e+00	8.152e+00	5.862e+00	7.675e+00	4.080e+00	5.679e+00
13	14	8.250e+00	9.849e+00	7.470e+00	9.264e+00	7.127e+00	8.729e+00	6.935e+00	8.537e+00	6.093e+00	7.972e+00	4.431e+00	5.353e+00
13	15	8.308e+00	9.876e+00	7.643e+00	9.025e+00	6.707e+00	8.048e+00	5.881e+00	7.602e+00	5.365e+00	7.210e+00	4.579e+00	6.284e+00
13	16	8.048e+00	9.924e+00	7.788e+00	9.571e+00	6.656e+00	8.467e+00	5.808e+00	7.501e+00	5.537e+00	7.117e+00	4.801e+00	6.390e+00
13	17	8.095e+00	9.366e+00	8.095e+00	9.366e+00	7.168e+00	8.530e+00	6.521e+00	7.395e+00	5.961e+00	6.435e+00	4.320e+00	5.280e+00
13	18	8.277e+00	9.636e+00	8.169e+00	9.180e+00	7.413e+00	8.216e+00	6.220e+00	7.849e+00	5.069e+00	6.289e+00	3.952e+00	5.865e+00
13	19	8.154e+00	9.754e+00	7.801e+00	9.014e+00	7.505e+00	8.983e+00	6.286e+00	8.206e+00	5.451e+00	6.668e+00	4.115e+00	5.691e+00
13	20	7.547e+00	9.247e+00	7.165e+00	8.463e+00	6.677e+00	8.165e+00	6.172e+00	7.361e+00	5.589e+00	6.917e+00	4.503e+00	5.746e+00
14	0	8.497e+00	9.918e+00	7.107e+00	8.556e+00	7.107e+00	8.556e+00	5.478e+00	7.789e+00	5.172e+00	6.510e+00	4.388e+00	5.705e+00
14	1	7.775e+00	9.694e+00	6.929e+00	9.035e+00	5.889e+00	7.958e+00	5.889e+00	7.958e+00	4.911e+00	7.185e+00	3.822e+00	6.504e+00
14	2	7.979e+00	9.201e+00	7.205e+00	8.468e+00	5.958e+00	7.798e+00	5.958e+00	7.798e+00	4.274e+00	7.074e+00	3.752e+00	6.171e+00
14	3	7.346e+00	9.213e+00	6.790e+00	8.138e+00	6.569e+00	7.140e+00	6.557e+00	7.137e+00	5.626e+00	6.914e+00	3.969e+00	5.262e+00
14	4	8.506e+00	9.978e+00	8.241e+00	9.677e+00	5.993e+00	7.861e+00	5.993e+00	7.861e+00	5.770e+00	7.358e+00	4.127e+00	5.864e+00
14	5	8.307e+00	9.827e+00	7.198e+00	8.886e+00	7.168e+00	8.805e+00	5.380e+00	7.099e+00	5.380e+00	7.099e+00	4.227e+00	6.132e+00
14	6	8.663e+00	1.066e+01	7.256e+00	9.175e+00	7.014e+00	8.523e+00	6.626e+00	8.004e+00	5.278e+00	6.581e+00	4.435e+00	6.172e+00
14	7	8.304e+00	9.824e+00	8.304e+00	9.824e+00	6.347e+00	8.248e+00	6.263e+00	7.866e+00	5.082e+00	6.412e+00	4.927e+00	5.411e+00
14	8	8.360e+00	9.585e+00	6.839e+00	8.877e+00	6.839e+00	8.877e+00	6.120e+00	8.152e+00	4.937e+00	7.115e+00	4.180e+00	6.755e+00
14	9	7.607e+00	9.779e+00	7.476e+00	9.606e+00	7.279e+00	8.579e+00	5.556e+00	7.403e+00	5.440e+00	7.204e+00	4.501e+00	5.930e+00
14	10	7.168e+00	9.187e+00	6.923e+00	8.820e+00	6.474e+00	8.382e+00	5.561e+00	7.860e+00	5.005e+00	7.422e+00	4.206e+00	6.098e+00
14	11	8.692e+00	9.983e+00	7.259e+00	8.485e+00	7.000e+00	8.089e+00	5.106e+00	7.258e+00	4.842e+00	7.029e+00	4.220e+00	6.302e+00
14	12	7.413e+00	9.149e+00	7.351e+00	9.108e+00	7.269e+00	8.860e+00	6.501e+00	8.392e+00	5.917e+00	7.194e+00	4.021e+00	5.996e+00
14	13	8.730e+00	1.034e+01	7.249e+00	9.535e+00	7.124e+00	8.784e+00	6.240e+00	8.024e+00	5.373e+00	6.822e+00	4.881e+00	6.261e+00
14	14	7.546e+00	9.578e+00	7.528e+00	9.439e+00	6.748e+00	8.150e+00	6.059e+00	8.064e+00	5.839e+00	7.892e+00	4.662e+00	6.902e+00
14	15	8.315e+00	1.005e+01	7.931e+00	9.647e+00	6.693e+00	8.607e+00	6.473e+00	8.035e+00	5.937e+00	7.104e+00	4.772e+00	6.042e+00
14	16	8.702e+00	1.065e+01	7.839e+00	9.357e+00	7.129e+00	8.748e+00	5.524e+00	7.601e+00	5.374e+00	7.597e+00	4.528e+00	6.025e+00
14	17	8.547e+00	1.001e+01	7.238e+00	8.332e+00	6.212e+00	7.251e+00	6.212e+00	7.251e+00	5.423e+00	6.973e+00	4.072e+00	5.514e+00
14	18	8.082e+00	9.681e+00	7.704e+00	9.148e+00	7.704e+00	9.148e+00	6.208e+00	7.359e+00	5.818e+00	7.087e+00	3.735e+00	5.541e+00
14	19	7.814e+00	9.532e+00	7.423e+00	8.667e+00	6.099e+00	7.908e+00	5.943e+00	7.779e+00	5.521e+00	6.436e+00	3.920e+00	5.337e+00
14	20	7.796e+00	9.473e+00	7.574e+00	9.178e+00	6.844e+00	8.192e+00	5.793e+00	7.858e+00	3.879e+00	5.683e+00	3.879e+00	5.683e+00
15	0	8.346e+00	9.565e+00	7.491e+00	8.745e+00	6.661e+00	7.880e+00	5.756e+00	7.126e+00	4.507e+00	6.635e+00	4.148e+00	6.494e+00
15	1	8.473e+00	1.089e+01	7.246e+00	8.904e+00	6.932e+00	8.550e+00	6.758e+00	8.464e+00	5.434e+00	6.885e+00	4.093e+00	6.012e+00
15	2	7.328e+00	8.519e+00	7.328e+00	8.519e+00	6.214e+00	7.728e+00	6.214e+00	7.728e+00	5.828e+00	7.234e+00	3.960e+00	6.884e+00
15	3	8.731e+00	1.049e+01	7.443e+00	8.880e+00	7.150e+00	8.674e+00	6.363e+00	7.451e+00	5.519e+00	6.537e+00	3.523e+00	5.720e+00
15	4	8.793e+00	9.899e+00	6.620e+00	7.639e+00	5.464e+00	6.838e+00	5.464e+00	6.838e+00	4.986e+00	6.459e+00	4.717e+00	5.976e+00
15	5	7.940e+00	9.989e+00	7.870e+00	9.487e+00	7.105e+00	8.299e+00	6.377e+00	7.700e+00	5.227e+00	6.906e+00	3.978e+00	5.732e+00
15	6	7.782e+00	9.184e+00	7.533e+00	8.832e+00	6.909e+00	8.087e+00	6.709e+00	7.911e+00	5.328e+00	7.184e+00	4.596e+00	5.464e+00
15	7	8.482e+00	1.046e+01	8.067e+00	9.519e+00	7.080e+00	8.036e+00	6.571e+00	7.665e+00	5.584e+00	6.678e+00	4.678e+00	5.486e+00
15	8	8.376e+00	9.637e+00	7.744e+00	8.845e+00	6.425e+00	7.850e+00	6.099e+00	7.266e+00	5.393e+00	6.944e+00	4.442e+00	6.467e+00
15	9	7.732e+00	1.012e+01	7.508e+00	9.000e+00	7.344e+00	8.149e+00	5.914e+00	7.354e+00	5.747e+00	7.089e+00	4.974e+00	5.187e+00
15	10	7.822e+00	9.097e+00	7.337e+00	8.892e+00	7.337e+00	8.892e+00	7.113e+00	7.723e+00	5.142e+00	7.471e+00	4.093e+00	5.968e+00
15	11	7.977e+00	9.675e+00	7.402e+00	8.899e+00	6.490e+00	8.070e+00	5.177e+00	7.665e+00	4.904e+00	7.314e+00	4.266e+00	5.550e+00
15	12	8.717e+00	1.029e+01	7.344e+00	9.274e+00	6.539e+00	8.906e+00	6.539e+00	8.906e+00	5.747e+00	8.304e+00	4.397e+00	6.251e+00
15	13	8.135e+00	9.595e+00	7.620e+00	9.194e+00	7.251e+00	9.161e+00	5.883e+00	8.067e+00	5.883e+00	8.067e+00	4.683e+00	6.215e+00
15	14	8.255e+00	9.916e+00	7.150e+00	9.206e+00	6.877e+00	8.589e+00	6.090e+00	7.349e+00	6.052e+00	7.068e+00	4.244e+00	5.586e+00
15	15	7.812e+00	9.937e+00	7.589e+00	9.435e+00	6.537e+00	8.626e+00	6.402e+00	8.038e+00	6.273e+00	7.591e+00	4.348e+00	5.631e+00
15	16	7.641e+00	9.100e+00	7.095e+00	8.734e+00	7.095e+00	8.734e+00	7.095e+00	8.734e+00	5.482e+00	6.380e+00	4.130e+00	5.551e+00
15	17	8.457e+00	1.023e+01	7.711e+00	9.268e+00	6.574e+00	7.928e+00	6.281e+00	7.219e+00	5.362e+00	6.960e+00	4.314e+00	5.839e+00
15	18	9.044e+00	1.085e+01	6.763e+00	8.421e+00	6.342e+00	7.773e+00	6.126e+00	7.573e+00	5.476e+00	6.724e+00	3.417e+00	5.206e+00
15	19	8.574e+00	1.014e+01	7.731e+00	9.373e+00	7.201e+00	8.692e+00	6.197e+00	7.778e+00	5.578e+00	6.761e+00	3.725e+00	5.445e+00
15	20	7.993e+00	9.615e+00	7.052e+00	8.604e+00	6.669e+00	7.967e+00	6.018e+00	7.796e+00	4.765e+00	6.576e+00	4.001e+00	5.600e+00
16	0	6.723e+00	8.869e+00	6.723e+00	8.869e+00	6.636e+00	8.789e+00	6.482e+00	8.440e+00	5.594e+00	7.794e+00	4.139e+00	5.487e+00
16	1	8.048e+00	9.795e+00	7.040e+00	9.611e+00	7.040e+00	9.611e+00	5.674e+00	7.564e+00	5.322e+00	7.411e+00	3.870e+00	6.033e+00
16	2	7.911e+00	9.585e+00	7.544e+00	8.548e+00	7.390e+00	8.401e+00	6.080e+00	7.216e+00	5.746e+00	6.795e+00	3.833e+00	6.109e+00
16	3	8.272e+00	1.009e+01	7.478e+00	9.504e+00	6.813e+00	8.355e+00	6.813e+00	8.355e+00	5.460e+00	6.748e+00	4.611e+00	5.873e+00
16	4	7.692e+00	9.391e+00	7.380e+00	9.125e+00	6.872e+00	8.474e+00	6.434e+00	8.300e+00	4.954e+00	6.818e+00	3.900e+00	5.310e+00
16	5	8.605e+00	1.028e+01	6.790e+00	8.762e+00	6.790e+00	8.762e+00	6.581e+00	8.328e+00	5.423e+00	7.577e+00	3.905e+00	5.091e+00
16	6	7.905e+00	9.473e+00	6.799e+00	8.035e+00	6.157e+00	7.700e+00	6.048e+00	7.651e+00	5.294e+00	6.679e+00	4.192e+00	5.495e+00
16	7	7.748e+00	9.480e+00	7.034e+00	8.192e+00	7.034e+00	8.192e+00	6.369e+00	7.983e+00	5.422e+00	7.302e+00	4.428e+00	6.245e+00
16	8	8.139e+00	9.420e+00	7.272e+00	8.010e+00	6.744e+00	7.560e+00	6.296e+00	7.076e+00	6.048e+00	6.603e+00	4.721e+00	5.193e+00
16	9	7.825e+00	9.646e+00	7.051e+00	8.702e+00	6.749e+00	8.676e+00	6.458e+00	7.228e+00	5.451e+00	6.648e+00	4.584e+00	6.239e+00
16	10	7.826e+00	9.869e+00	7.826e+00	9.869e+00	6.559e+00	8.339e+00	6.483e+00	8.077e+00	5.170e+00	6.374e+00	4.387e+00	6.066e+00
16	11	8.047e+00	9.879e+00	7.567e+00	9.372e+00	6.477e+00	8.335e+00	5.777e+00	7.903e+00	5.777e+00	7.903e+00	3.827e+00	6.642e+00
16	12	8.497e+00	9.604e+00	7.318e+00	9.282e+00	7.181e+00	9.276e+00	6.256e+00	8.400e+00	5.859e+00	8.242e+00	4.247e+00	6.837e+00
16	13	8.059e+00	9.888e+00	7.579e+00	9.548e+00	6.407e+00	8.966e+00	5.696e+00	6.847e+00	4.950e+00	6.679e+00	4.017e+00	6.112e+00
16	14	7.732e+00	9.308e+00	7.056e+00	9.176e+00	7.056e+00	9.176e+00	6.730e+00	9.071e+00	6.624e+00	8.404e+00	4.023e+00	5.594e+00
16	15	8.844e+00	1.031e+01	6.968e+00	8.684e+00	6.968e+00	8.684e+00	6.540e+00	8.496e+00	5.279e+00	6.455e+00	3.619e+00	4.969e+00
16	16	7.894e+00	9.156e+00	7.894e+00	9.156e+00	6.765e+00	8.590e+00	6.534e+00	8.166e+00	5.635e+00	6.737e+00	4.088e+00	5.825e+00
16	17	8.791e+00	1.024e+01	7.098e+00	8.794e+00	6.750e+00	8.355e+00	6.107e+00	7.206e+00	5.471e+00	7.112e+00	4.428e+00	5.930e+00
16	18	6.908e+00	8.394e+00	6.498e+00	7.980e+00	6.446e+00	7.373e+00	6.156e+00	7.041e+00	4.385e+00	6.332e+00	3.966e+00	5.848e+00
16	19	8.549e+00	9.898e+00	6.954e+00	8.621e+00	6.330e+00	8.019e+00	6.216e+00	7.906e+00	5.205e+00	6.247e+00	4.746e+00	5.178e+00
16	20	8.085e+00	9.870e+00	8.006e+00	9.771e+00	7.218e+00	8.510e+00	6.643e+00	7.642e+00	5.028e+00	6.652e+00	4.042e+00	5.239e+00
17	0	8.106e+00	9.897e+00	7.267e+00	8.955e+00	6.865e+00	8.509e+00	6.370e+00	7.888e+00	5.438e+00	6.866e+00	4.691e+00	5.886e+00
17	1	9.827e+00	1.127e+01	6.984e+00	8.928e+00	6.761e+00	8.502e+00	6.721e+00	8.397e+00	5.573e+00	6.708e+00	4.030e+00	6.310e+00
17	2	7.488e+00	9.412e+00	7.407e+00	9.398e+00	7.123e+00	9.122e+00	6.944e+00	8.672e+00	5.013e+00	7.017e+00	4.266e+00	5.490e+00
17	3	7.263e+00	8.828e+00	7.161e+00	8.666e+00	6.757e+00	8.146e+00	6.104e+00	7.567e+00	5.453e+00	6.689e+00	4.253e+00	5.311e+00
17	4	7.855e+00	9.665e+00	6.357e+00	8.138e+00	6.357e+00	8.138e+00	6.033e+00	7.644e+00	5.761e+00	6.915e+00	4.559e+00	5.417e+00
17	5	8.642e+00	1.060e+01	8.642e+00	1.060e+01	7.138e+00	8.811e+00	6.976e+00	8.074e+00	4.934e+00	6.756e+00	4.287e+00	5.983e+00
17	6	9.667e+00	1.116e+01	7.386e+00	8.661e+00	7.293e+00	8.485e+00	6.306e+00	8.449e+00	5.321e+00	7.561e+00	3.821e+00	5.801e+00
17	7	7.674e+00	8.607e+00	7.213e+00	8.274e+00	6.929e+00	8.184e+00	5.860e+00	7.270e+00	5.505e+00	6.882e+00	4.288e+00	6.354e+00
17	8	8.885e+00	1.028e+01	7.626e+00	8.915e+00	7.305e+00	8.263e+00	5.862e+00	7.348e+00	5.862e+00	7.348e+00	4.776e+00	5.638e+00
17	9	8.109e+00	9.698e+00	7.336e+00	9.032e+00	6.992e+00	8.935e+00	5.916e+00	7.439e+00	5.012e+00	6.501e+00	4.135e+00	5.767e+00
17	10	6.866e+00	8.838e+00	6.768e+00	8.749e+00	5.945e+00	8.311e+00	5.945e+00	8.311e+00	5.120e+00	7.361e+00	4.216e+00	6.050e+00
17	11	9.002e+00	1.030e+01	8.515e+00	9.666e+00	7.556e+00	9.146e+00	5.177e+00	7.940e+00	5.126e+00	7.748e+00	4.280e+00	6.974e+00
17	12	7.688e+00	9.366e+00	7.688e+00	9.366e+00	6.150e+00	8.711e+00	6.041e+00	8.636e+00	5.341e+00	7.935e+00	3.650e+00	5.775e+00
17	13	8.716e+00	1.004e+01	7.657e+00	9.416e+00	7.657e+00	9.416e+00	7.477e+00	9.373e+00	5.478e+00	6.907e+00	5.156e+00	5.898e+00
17	14	8.466e+00	1.053e+01	7.275e+00	9.105e+00	6.483e+00	8.318e+00	6.465e+00	8.257e+00	4.911e+00	6.543e+00	4.192e+00	5.665e+00
17	15	7.512e+00	9.718e+00	7.188e+00	9.076e+00	7.188e+00	9.076e+00	6.940e+00	8.379e+00	6.120e+00	7.395e+00	4.526e+00	5.389e+00
17	16	7.709e+00	9.406e+00	7.378e+00	8.904e+00	6.609e+00	8.102e+00	6.061e+00	7.091e+00	6.061e+00	7.091e+00	3.806e+00	6.128e+00
17	17	8.431e+00	9.604e+00	7.310e+00	8.882e+00	6.662e+00	7.692e+00	6.662e+00	7.692e+00	5.491e+00	6.967e+00	4.366e+00	5.628e+00
17	18	7.646e+00	9.403e+00	6.612e+00	8.085e+00	6.606e+00	8.045e+00	6.535e+00	7.611e+00	5.597e+00	6.706e+00	4.389e+00	5.905e+00
17	19	8.141e+00	9.814e+00	6.698e+00	8.886e+00	6.698e+00	8.886e+00	6.082e+00	7.465e+00	4.600e+00	6.344e+00	4.391e+00	5.817e+00
17	20	7.824e+00	9.241e+00	7.704e+00	9.190e+00	6.821e+00	8.077e+00	6.821e+00	8.077e+00	5.586e+00	7.128e+00	4.617e+00	5.800e+00
18	0	7.458e+00	9.265e+00	7.093e+00	9.121e+00	7.093e+00	9.121e+00	6.170e+00	8.124e+00	4.812e+00	6.433e+00	4.539e+00	5.728e+00
18	1	8.040e+00	1.018e+01	7.582e+00	9.800e+00	6.896e+00	8.172e+00	6.020e+00	7.963e+00	5.503e+00	6.926e+00	3.914e+00	5.431e+00
18	2	7.735e+00	9.516e+00	7.735e+00	9.516e+00	7.626e+00	8.923e+00	7.535e+00	8.733e+00	5.087e+00	6.668e+00	4.174e+00	5.686e+00
18	3	8.731e+00	1.003e+01	8.674e+00	9.821e+00	6.757e+00	8.536e+00	6.222e+00	7.768e+00	5.528e+00	6.497e+00	4.625e+00	5.665e+00
18	4	8.704e+00	1.026e+01	7.215e+00	8.917e+00	6.876e+00	8.640e+00	6.478e+00	8.208e+00	5.443e+00	7.625e+00	4.315e+00	6.014e+00
18	5	8.403e+00	1.063e+01	7.152e+00	8.284e+00	7.152e+00	8.284e+00	7.014e+00	8.114e+00	5.714e+00	7.245e+00	4.408e+00	6.450e+00
18	6	8.452e+00	1.001e+01	7.865e+00	9.356e+00	6.825e+00	8.297e+00	6.592e+00	7.581e+00	5.915e+00	7.128e+00	4.186e+00	5.058e+00
18	7	7.433e+00	9.115e+00	7.433e+00	9.115e+00	6.682e+00	7.930e+00	6.118e+00	7.669e+00	4.858e+00	6.718e+00	4.454e+00	5.743e+00
18	8	8.109e+00	1.002e+01	7.156e+00	9.282e+00	7.063e+00	8.583e+00	6.175e+00	7.430e+00	5.088e+00	6.484e+00	4.458e+00	5.918e+00
18	9	7.918e+00	9.230e+00	6.660e+00	8.396e+00	5.687e+00	8.154e+00	5.420e+00	7.240e+00	4.883e+00	6.660e+00	4.608e+00	6.016e+00
18	10	8.434e+00	1.032e+01	6.939e+00	8.626e+00	6.939e+00	8.626e+00	5.880e+00	7.787e+00	5.155e+00	7.487e+00	3.402e+00	5.955e+00
18	11	9.024e+00	1.112e+01	8.166e+00	9.900e+00	7.505e+00	9.287e+00	5.705e+00	8.142e+00	4.839e+00	6.929e+00	4.560e+00	6.500e+00
18	12	7.798e+00	9.622e+00	7.122e+00	8.955e+00	6.717e+00	8.638e+00	5.643e+00	7.838e+00	4.836e+00	7.189e+00	4.073e+00	5.722e+00
18	13	8.418e+00	9.079e+00	8.224e+00	8.446e+00	6.889e+00	8.356e+00	6.550e+00	8.149e+00	6.137e+00	7.006e+00	4.925e+00	5.733e+00
18	14	8.774e+00	9.734e+00	7.131e+00	9.122e+00	6.911e+00	8.980e+00	6.120e+00	7.993e+00	5.941e+00	7.579e+00	4.474e+00	5.851e+00
18	15	8.674e+00	9.948e+00	7.396e+00	8.745e+00	7.372e+00	8.677e+00	6.852e+00	8.272e+00	5.812e+00	7.500e+00	5.181e+00	6.564e+00
18	16	8.422e+00	1.004e+01	8.376e+00	9.925e+00	7.246e+00	9.001e+00	6.933e+00	8.253e+00	5.849e+00	7.591e+00	4.886e+00	6.109e+00
18	17	7.393e+00	9.075e+00	6.951e+00	8.679e+00	6.951e+00	8.679e+00	6.750e+00	8.326e+00	5.543e+00	7.046e+00	4.431e+00	6.763e+00
18	18	8.091e+00	9.926e+00	7.620e+00	9.004e+00	7.131e+00	8.246e+00	6.054e+00	7.235e+00	5.514e+00	6.206e+00	3.880e+00	4.975e+00
18	19	8.621e+00	9.510e+00	7.926e+00	8.481e+00	7.131e+00	8.126e+00	6.445e+00	7.901e+00	5.060e+00	7.227e+00	4.052e+00	5.446e+00
18	20	7.676e+00	1.016e+01	7.257e+00	8.715e+00	7.196e+00	8.163e+00	6.040e+00	7.548e+00	5.350e+00	7.056e+00	4.368e+00	5.239e+00
19	0	7.002e+00	9.759e+00	7.002e+00	9.759e+00	7.002e+00	9.759e+00	6.453e+00	8.371e+00	5.397e+00	7.179e+00	4.355e+00	5.938e+00
19	1	8.204e+00	9.940e+00	7.695e+00	9.439e+00	7.695e+00	9.439e+00	6.015e+00	7.802e+00	4.640e+00	6.128e+00	4.253e+00	5.763e+00
19	2	7.794e+00	1.007e+01	7.794e+00	1.007e+01	7.044e+00	9.107e+00	6.301e+00	8.456e+00	4.869e+00	6.969e+00	4.147e+00	5.562e+00
19	3	7.621e+00	1.001e+01	7.041e+00	8.841e+00	6.835e+00	8.421e+00	6.147e+00	7.787e+00	5.894e+00	7.691e+00	4.341e+00	5.616e+00
19	4	8.203e+00	9.704e+00	8.203e+00	9.704e+00	5.837e+00	7.956e+00	5.402e+00	7.923e+00	5.141e+00	7.521e+00	4.677e+00	5.754e+00
19	5	7.333e+00	8.892e+00	7.333e+00	8.892e+00	7.333e+00	8.892e+00	6.526e+00	8.463e+00	5.300e+00	7.281e+00	3.993e+00	5.799e+00
19	6	7.892e+00	9.220e+00	7.799e+00	9.209e+00	6.883e+00	8.411e+00	6.883e+00	8.411e+00	5.208e+00	7.652e+00	4.516e+00	5.985e+00
19	7	7.392e+00	9.079e+00	7.392e+00	9.079e+00	7.222e+00	8.677e+00	6.880e+00	7.893e+00	6.123e+00	6.995e+00	4.723e+00	5.567e+00
19	8	9.006e+00	1.012e+01	8.998e+00	1.009e+01	7.079e+00	8.970e+00	6.536e+00	8.135e+00	5.463e+00	7.006e+00	4.681e+00	5.682e+00
19	9	7.639e+00	9.548e+00	7.086e+00	8.982e+00	7.001e+00	8.520e+00	6.045e+00	7.429e+00	5.610e+00	6.472e+00	4.258e+00	5.757e+00
19	10	8.031e+00	9.872e+00	7.652e+00	9.613e+00	7.196e+00	9.024e+00	7.196e+00	9.024e+00	6.115e+00	6.959e+00	4.465e+00	5.866e+00
19	11	8.158e+00	9.613e+00	8.158e+00	9.613e+00	7.067e+00	8.755e+00	6.061e+00	7.773e+00	5.509e+00	7.645e+00	4.190e+00	5.758e+00
19	12	8.496e+00	1.062e+01	8.024e+00	9.690e+00	7.373e+00	8.883e+00	6.606e+00	8.644e+00	5.135e+00	7.292e+00	4.398e+00	6.924e+00
19	13	7.932e+00	9.568e+00	6.673e+00	8.368e+00	6.673e+00	8.368e+00	6.535e+00	7.907e+00	5.644e+00	6.458e+00	4.832e+00	6.111e+00
19	14	8.198e+00	9.864e+00	7.400e+00	9.481e+00	7.115e+00	9.071e+00	7.115e+00	9.071e+00	5.630e+00	7.666e+00	4.446e+00	5.121e+00
19	15	8.058e+00	9.820e+00	7.612e+00	9.560e+00	6.813e+00	8.734e+00	6.699e+00	8.528e+00	5.763e+00	7.766e+00	4.540e+00	5.755e+00
19	16	9.028e+00	1.073e+01	7.499e+00	9.191e+00	6.021e+00	8.070e+00	6.021e+00	8.070e+00	5.729e+00	7.476e+00	4.739e+00	6.371e+00
19	17	8.137e+00	1.022e+01	8.137e+00	1.022e+01	6.754e+00	8.600e+00	6.541e+00	7.997e+00	5.309e+00	6.528e+00	4.817e+00	6.368e+00
19	18	8.414e+00	9.737e+00	6.991e+00	8.740e+00	6.747e+00	8.524e+00	6.645e+00	8.339e+00	4.924e+00	6.755e+00	4.321e+00	5.530e+00
19	19	7.176e+00	9.025e+00	7.176e+00	9.025e+00	7.176e+00	9.025e+00	5.770e+00	7.860e+00	4.984e+00	7.520e+00	4.062e+00	6.080e+00
19	20	8.161e+00	9.430e+00	7.889e+00	8.821e+00	6.448e+00	8.547e+00	6.448e+00	8.547e+00	5.400e+00	7.043e+00	4.082e+00	5.881e+00
20	0	8.603e+00	9.924e+00	7.828e+00	9.597e+00	6.837e+00	8.701e+00	6.648e+00	7.999e+00	5.536e+00	7.014e+00	4.108e+00	5.291e+00
20	1	7.338e+00	8.647e+00	7.219e+00	8.425e+00	7.219e+00	8.425e+00	6.116e+00	7.536e+00	5.738e+00	6.584e+00	4.631e+00	5.830e+00
20	2	7.539e+00	8.508e+00	7.539e+00	8.508e+00	6.900e+00	8.487e+00	6.573e+00	8.267e+00	5.628e+00	6.915e+00	5.094e+00	5.397e+00
20	3	6.918e+00	8.665e+00	6.766e+00	8.103e+00	6.460e+00	7.983e+00	6.068e+00	7.722e+00	5.394e+00	6.297e+00	4.138e+00	5.556e+00
20	4	7.184e+00	8.474e+00	6.638e+00	8.137e+00	6.638e+00	8.137e+00	6.638e+00	8.137e+00	5.293e+00	7.049e+00	4.447e+00	6.017e+00
20	5	8.269e+00	1.035e+01	7.749e+00	9.263e+00	7.494e+00	8.738e+00	6.992e+00	8.445e+00	6.161e+00	7.483e+00	4.119e+00	5.453e+00
20	6	7.850e+00	9.556e+00	7.830e+00	9.425e+00	6.864e+00	8.639e+00	6.864e+00	8.639e+00	5.777e+00	6.513e+00	4.134e+00	5.572e+00
20	7	9.318e+00	1.055e+01	7.783e+00	9.951e+00	6.724e+00	9.254e+00	6.459e+00	9.034e+00	5.071e+00	6.486e+00	4.407e+00	5.988e+00
20	8	8.211e+00	1.037e+01	8.057e+00	1.004e+01	6.466e+00	8.449e+00	5.592e+00	7.553e+00	4.861e+00	6.581e+00	4.525e+00	5.972e+00
20	9	7.491e+00	9.862e+00	6.979e+00	9.372e+00	6.765e+00	8.522e+00	6.726e+00	8.269e+00	6.615e+00	7.968e+00	4.379e+00	5.976e+00
20	10	8.682e+00	1.058e+01	7.954e+00	1.010e+01	6.830e+00	8.528e+00	5.901e+00	7.513e+00	5.171e+00	7.229e+00	3.816e+00	5.784e+00
20	11	8.154e+00	9.667e+00	8.071e+00	9.599e+00	6.815e+00	8.707e+00	6.424e+00	8.434e+00	6.077e+00	7.356e+00	5.267e+00	5.899e+00
20	12	8.048e+00	9.451e+00	7.765e+00	9.369e+00	7.639e+00	9.136e+00	6.749e+00	8.608e+00	5.740e+00	6.996e+00	4.895e+00	5.594e+00
20	13	7.890e+00	1.001e+01	7.601e+00	9.598e+00	7.304e+00	9.117e+00	6.124e+00	7.562e+00	5.348e+00	7.386e+00	5.042e+00	5.552e+00
20	14	8.568e+00	1.074e+01	8.395e+00	1.030e+01	7.214e+00	8.507e+00	6.074e+00	7.213e+00	4.983e+00	6.622e+00	4.401e+00	6.241e+00
20	15	9.304e+00	1.048e+01	8.135e+00	1.001e+01	7.662e+00	8.765e+00	6.374e+00	8.037e+00	5.313e+00	6.809e+00	4.671e+00	6.644e+00
20	16	8.495e+00	1.042e+01	7.426e+00	9.386e+00	5.335e+00	7.263e+00	5.335e+00	7.263e+00	5.249e+00	6.496e+00	4.179e+00	6.120e+00
20	17	8.077e+00	9.541e+00	7.576e+00	9.190e+00	6.939e+00	8.607e+00	5.236e+00	6.523e+00	5.236e+00	6.523e+00	3.932e+00	5.493e+00
20	18	8.423e+00	1.067e+01	7.630e+00	1.004e+01	6.632e+00	9.061e+00	5.364e+00	7.415e+00	5.028e+00	7.364e+00	4.255e+00	6.262e+00
20	19	8.666e+00	1.034e+01	7.569e+00	9.448e+00	6.328e+00	8.566e+00	6.092e+00	8.275e+00	5.329e+00	7.836e+00	4.175e+00	6.130e+00
20	20	8.114e+00	9.178e+00	7.222e+00	9.089e+00	6.565e+00	8.729e+00	6.512e+00	8.608e+00	5.841e+00	7.827e+00	4.451e+00	5.232e+00
