x	y	0.fitness.0.	0.fitness.1.	5000.fitness.0.	5000.fitness.1.	10000.fitness.0.	10000.fitness.1.	15000.fitness.0.	15000.fitness.1.	25000.fitness.0.	25000.fitness.1.	50000.fitness.0.	50000.fitness.1.
0	0	4.017e+00	5.143e+00	3.480e+00	4.456e+00	3.480e+00	4.456e+00	2.395e+00	4.214e+00	2.395e+00	4.214e+00	2.252e+00	3.959e+00
0	1	4.835e+00	5.730e+00	3.225e+00	4.549e+00	2.784e+00	4.254e+00	2.784e+00	4.254e+00	2.361e+00	3.743e+00	2.339e+00	3.724e+00
0	2	4.251e+00	4.985e+00	3.417e+00	4.438e+00	3.090e+00	3.800e+00	2.751e+00	3.738e+00	2.630e+00	3.734e+00	2.502e+00	3.647e+00
0	3	4.128e+00	5.013e+00	3.769e+00	4.715e+00	3.246e+00	3.311e+00	3.246e+00	3.311e+00	3.120e+00	3.279e+00	2.929e+00	3.265e+00
0	4	4.129e+00	5.007e+00	3.620e+00	4.909e+00	3.269e+00	4.468e+00	2.304e+00	4.032e+00	2.283e+00	3.928e+00	2.047e+00	3.860e+00
0	5	5.099e+00	5.653e+00	3.961e+00	4.446e+00	2.883e+00	3.550e+00	2.810e+00	3.338e+00	2.645e+00	3.141e+00	2.645e+00	3.141e+00
0	6	4.217e+00	4.659e+00	4.118e+00	4.284e+00	3.340e+00	3.960e+00	3.316e+00	3.424e+00	3.316e+00	3.424e+00	2.590e+00	3.257e+00
0	7	4.586e+00	4.755e+00	3.848e+00	3.819e+00	3.005e+00	3.346e+00	2.845e+00	3.230e+00	2.845e+00	3.230e+00	2.684e+00	3.111e+00
0	8	4.317e+00	5.600e+00	2.692e+00	4.983e+00	2.314e+00	4.749e+00	2.314e+00	4.749e+00	2.173e+00	4.420e+00	1.979e+00	4.131e+00
0	9	4.265e+00	5.355e+00	3.817e+00	3.890e+00	3.776e+00	3.827e+00	2.972e+00	2.888e+00	2.972e+00	2.888e+00	2.963e+00	2.871e+00
0	10	4.683e+00	5.063e+00	3.500e+00	4.312e+00	3.355e+00	4.025e+00	2.708e+00	3.834e+00	2.677e+00	3.714e+00	2.500e+00	3.696e+00
0	11	4.060e+00	5.142e+00	3.511e+00	4.710e+00	3.196e+00	3.898e+00	2.816e+00	3.479e+00	2.816e+00	3.479e+00	2.782e+00	3.465e+00
0	12	3.373e+00	3.873e+00	3.373e+00	3.873e+00	3.373e+00	3.873e+00	3.113e+00	3.276e+00	3.113e+00	3.276e+00	3.062e+00	3.183e+00
0	13	4.324e+00	5.718e+00	3.592e+00	3.918e+00	3.393e+00	3.730e+00	3.318e+00	3.699e+00	2.760e+00	3.080e+00	2.760e+00	3.080e+00
0	14	4.750e+00	5.915e+00	3.731e+00	4.334e+00	3.362e+00	4.075e+00	2.816e+00	3.911e+00	2.519e+00	3.573e+00	2.519e+00	3.573e+00
0	15	4.743e+00	4.643e+00	4.386e+00	4.285e+00	4.382e+00	4.064e+00	3.669e+00	3.694e+00	2.872e+00	3.181e+00	2.811e+00	3.161e+00
0	16	3.779e+00	4.821e+00	3.484e+00	3.595e+00	3.231e+00	3.163e+00	3.231e+00	3.163e+00	2.943e+00	3.104e+00	2.716e+00	3.104e+00
0	17	4.899e+00	5.480e+00	4.203e+00	5.076e+00	3.312e+00	4.828e+00	3.134e+00	3.839e+00	2.939e+00	3.202e+00	2.929e+00	2.979e+00
0	18	4.839e+00	5.364e+00	3.058e+00	4.822e+00	2.844e+00	4.457e+00	2.727e+00	4.059e+00	2.381e+00	3.689e+00	2.269e+00	3.564e+00
0	19	4.104e+00	4.762e+00	3.362e+00	4.759e+00	2.855e+00	4.326e+00	2.561e+00	3.778e+00	2.561e+00	3.778e+00	2.364e+00	3.698e+00
0	20	4.163e+00	4.992e+00	3.481e+00	4.230e+00	3.481e+00	4.230e+00	3.038e+00	3.841e+00	2.456e+00	3.752e+00	2.228e+00	3.652e+00
1	0	4.136e+00	5.218e+00	3.352e+00	4.786e+00	2.840e+00	4.551e+00	1.920e+00	4.431e+00	1.920e+00	4.431e+00	1.808e+00	4.085e+00
1	1	4.183e+00	3.815e+00	4.183e+00	3.815e+00	3.461e+00	3.485e+00	3.023e+00	3.229e+00	2.949e+00	3.220e+00	2.865e+00	3.206e+00
1	2	4.304e+00	5.285e+00	2.670e+00	4.620e+00	2.583e+00	4.482e+00	2.341e+00	4.415e+00	2.341e+00	4.415e+00	1.556e+00	4.238e+00
1	3	3.627e+00	4.963e+00	3.008e+00	4.336e+00	3.008e+00	4.336e+00	3.008e+00	4.336e+00	2.762e+00	4.169e+00	2.344e+00	3.528e+00
1	4	4.540e+00	3.961e+00	4.104e+00	3.847e+00	3.960e+00	3.625e+00	3.621e+00	3.140e+00	3.329e+00	2.834e+00	3.253e+00	2.825e+00
1	5	3.387e+00	5.536e+00	2.865e+00	4.581e+00	2.613e+00	4.082e+00	2.186e+00	4.045e+00	2.186e+00	4.045e+00	2.145e+00	3.906e+00
1	6	4.292e+00	4.909e+00	3.502e+00	3.526e+00	3.310e+00	3.508e+00	3.132e+00	3.224e+00	2.900e+00	3.159e+00	2.898e+00	3.062e+00
1	7	3.499e+00	5.361e+00	2.802e+00	4.995e+00	2.640e+00	4.134e+00	2.640e+00	4.134e+00	2.640e+00	4.134e+00	2.193e+00	3.835e+00
1	8	3.345e+00	5.096e+00	2.858e+00	4.718e+00	2.858e+00	4.718e+00	2.773e+00	3.971e+00	2.535e+00	3.825e+00	2.336e+00	3.697e+00
1	9	4.418e+00	5.514e+00	3.784e+00	4.762e+00	3.129e+00	4.401e+00	2.585e+00	3.791e+00	2.514e+00	3.716e+00	2.497e+00	3.433e+00
1	10	4.173e+00	4.238e+00	4.173e+00	4.238e+00	3.394e+00	3.908e+00	2.608e+00	3.863e+00	2.583e+00	3.760e+00	2.410e+00	3.516e+00
1	11	3.580e+00	3.946e+00	3.580e+00	3.946e+00	3.131e+00	3.943e+00	2.963e+00	3.740e+00	2.434e+00	3.621e+00	2.434e+00	3.621e+00
1	12	4.550e+00	5.747e+00	3.619e+00	4.009e+00	3.479e+00	3.767e+00	3.240e+00	3.290e+00	3.115e+00	3.023e+00	3.111e+00	3.001e+00
1	13	4.283e+00	4.407e+00	3.841e+00	4.028e+00	3.413e+00	3.989e+00	3.311e+00	3.203e+00	3.016e+00	3.078e+00	3.016e+00	3.078e+00
1	14	4.282e+00	5.940e+00	3.452e+00	4.403e+00	3.135e+00	4.348e+00	3.135e+00	4.348e+00	3.006e+00	3.409e+00	2.903e+00	2.978e+00
1	15	4.440e+00	5.801e+00	3.117e+00	4.877e+00	3.079e+00	4.235e+00	2.833e+00	3.836e+00	2.541e+00	3.631e+00	2.541e+00	3.631e+00
1	16	4.076e+00	5.366e+00	4.076e+00	5.366e+00	3.079e+00	3.736e+00	2.868e+00	3.604e+00	2.868e+00	3.604e+00	2.640e+00	3.297e+00
1	17	2.945e+00	5.888e+00	2.741e+00	5.702e+00	2.707e+00	5.154e+00	2.430e+00	4.746e+00	2.231e+00	4.131e+00	2.157e+00	3.819e+00
1	18	2.478e+00	5.038e+00	2.478e+00	5.038e+00	2.269e+00	4.163e+00	2.269e+00	4.163e+00	2.269e+00	4.163e+00	2.076e+00	4.113e+00
1	19	3.506e+00	4.544e+00	3.350e+00	4.524e+00	2.810e+00	3.940e+00	2.810e+00	3.940e+00	2.547e+00	3.510e+00	2.547e+00	3.510e+00
1	20	4.385e+00	5.455e+00	3.857e+00	4.378e+00	3.040e+00	4.104e+00	2.968e+00	3.905e+00	2.939e+00	3.626e+00	2.557e+00	3.309e+00
2	0	3.953e+00	5.115e+00	3.724e+00	5.110e+00	3.176e+00	4.844e+00	2.644e+00	4.648e+00	1.974e+00	4.127e+00	1.974e+00	4.127e+00
2	1	4.084e+00	5.762e+00	3.076e+00	4.604e+00	2.719e+00	4.559e+00	2.208e+00	4.421e+00	1.786e+00	4.199e+00	1.786e+00	4.199e+00
2	2	4.099e+00	5.957e+00	2.776e+00	5.014e+00	2.651e+00	4.891e+00	2.143e+00	4.749e+00	2.056e+00	4.168e+00	2.056e+00	4.168e+00
2	3	4.228e+00	5.706e+00	3.315e+00	3.870e+00	3.315e+00	3.870e+00	3.181e+00	3.802e+00	3.010e+00	3.696e+00	2.688e+00	3.441e+00
2	4	3.268e+00	3.736e+00	3.122e+00	3.433e+00	3.122e+00	3.433e+00	3.122e+00	3.433e+00	2.957e+00	3.326e+00	2.714e+00	3.306e+00
2	5	4.832e+00	4.371e+00	4.282e+00	3.811e+00	3.100e+00	3.437e+00	2.951e+00	3.408e+00	2.798e+00	3.205e+00	2.798e+00	3.205e+00
2	6	3.937e+00	4.503e+00	3.097e+00	4.257e+00	2.863e+00	3.945e+00	2.712e+00	3.866e+00	2.528e+00	3.561e+00	2.499e+00	3.434e+00
2	7	4.292e+00	4.507e+00	4.023e+00	3.969e+00	3.935e+00	3.660e+00	3.403e+00	3.133e+00	3.319e+00	3.029e+00	3.041e+00	2.966e+00
2	8	3.505e+00	5.025e+00	3.195e+00	4.250e+00	3.149e+00	3.908e+00	2.696e+00	3.907e+00	2.548e+00	3.808e+00	2.477e+00	3.584e+00
2	9	3.390e+00	4.900e+00	2.668e+00	4.132e+00	2.668e+00	4.132e+00	2.668e+00	4.132e+00	2.620e+00	3.977e+00	2.198e+00	3.730e+00
2	10	3.438e+00	4.939e+00	3.144e+00	4.479e+00	2.508e+00	3.873e+00	2.468e+00	3.844e+00	2.468e+00	3.844e+00	2.339e+00	3.555e+00
2	11	3.895e+00	5.691e+00	3.212e+00	5.218e+00	2.753e+00	4.511e+00	2.753e+00	4.511e+00	2.418e+00	3.488e+00	2.418e+00	3.488e+00
2	12	3.643e+00	5.516e+00	3.643e+00	5.516e+00	3.401e+00	4.760e+00	1.839e+00	4.121e+00	1.839e+00	4.121e+00	1.839e+00	4.121e+00
2	13	4.568e+00	5.020e+00	4.062e+00	4.643e+00	3.712e+00	3.717e+00	3.712e+00	3.717e+00	2.696e+00	3.421e+00	2.569e+00	3.348e+00
2	14	3.962e+00	6.028e+00	3.059e+00	4.608e+00	2.753e+00	4.164e+00	2.753e+00	4.164e+00	2.460e+00	4.122e+00	2.175e+00	3.965e+00
2	15	3.777e+00	4.300e+00	3.726e+00	4.060e+00	3.399e+00	3.787e+00	2.980e+00	3.452e+00	2.942e+00	3.336e+00	2.906e+00	3.019e+00
2	16	4.613e+00	4.037e+00	3.896e+00	3.769e+00	2.956e+00	3.422e+00	2.956e+00	3.422e+00	2.684e+00	3.392e+00	2.672e+00	3.392e+00
2	17	4.303e+00	5.063e+00	3.460e+00	3.697e+00	3.460e+00	3.697e+00	3.460e+00	3.697e+00	2.514e+00	3.296e+00	2.514e+00	3.296e+00
2	18	4.003e+00	5.690e+00	3.451e+00	4.051e+00	3.059e+00	3.805e+00	2.857e+00	3.377e+00	2.857e+00	3.377e+00	2.746e+00	3.312e+00
2	19	4.544e+00	5.266e+00	4.045e+00	5.011e+00	3.493e+00	4.199e+00	3.336e+00	4.061e+00	3.085e+00	3.398e+00	2.798e+00	3.322e+00
2	20	4.810e+00	6.664e+00	3.407e+00	4.509e+00	3.257e+00	4.157e+00	3.257e+00	4.157e+00	3.071e+00	3.841e+00	2.846e+00	3.263e+00
3	0	4.410e+00	5.321e+00	3.627e+00	4.786e+00	2.918e+00	4.427e+00	2.918e+00	4.427e+00	2.339e+00	4.058e+00	2.099e+00	3.824e+00
3	1	4.242e+00	4.997e+00	4.080e+00	3.934e+00	3.092e+00	3.712e+00	2.525e+00	3.580e+00	2.525e+00	3.580e+00	2.525e+00	3.580e+00
3	2	3.613e+00	5.409e+00	2.994e+00	4.911e+00	2.381e+00	3.953e+00	2.381e+00	3.953e+00	2.381e+00	3.953e+00	2.203e+00	3.945e+00
3	3	4.806e+00	4.895e+00	3.950e+00	3.430e+00	3.796e+00	3.242e+00	3.796e+00	3.242e+00	3.296e+00	2.952e+00	3.296e+00	2.952e+00
3	4	4.612e+00	5.562e+00	3.112e+00	4.217e+00	3.112e+00	4.217e+00	3.099e+00	3.811e+00	2.970e+00	3.558e+00	2.558e+00	3.375e+00
3	5	3.968e+00	5.259e+00	3.812e+00	4.596e+00	3.399e+00	4.088e+00	3.205e+00	4.029e+00	2.569e+00	3.808e+00	2.400e+00	3.798e+00
3	6	4.140e+00	4.382e+00	3.620e+00	3.955e+00	3.620e+00	3.955e+00	3.361e+00	3.435e+00	3.344e+00	3.048e+00	3.114e+00	2.934e+00
3	7	3.599e+00	4.162e+00	3.599e+00	4.162e+00	3.272e+00	3.725e+00	3.139e+00	3.555e+00	2.975e+00	3.366e+00	2.840e+00	3.146e+00
3	8	3.806e+00	4.507e+00	3.806e+00	4.507e+00	3.346e+00	3.943e+00	2.985e+00	3.878e+00	2.846e+00	3.518e+00	2.720e+00	3.279e+00
3	9	4.750e+00	5.975e+00	4.636e+00	4.720e+00	2.312e+00	4.056e+00	2.310e+00	3.836e+00	2.310e+00	3.836e+00	2.292e+00	3.814e+00
3	10	4.729e+00	5.658e+00	3.131e+00	4.604e+00	2.653e+00	3.829e+00	2.580e+00	3.505e+00	2.499e+00	3.472e+00	2.499e+00	3.472e+00
3	11	4.110e+00	5.515e+00	3.440e+00	5.053e+00	2.379e+00	3.943e+00	2.316e+00	3.562e+00	2.316e+00	3.562e+00	2.316e+00	3.562e+00
3	12	4.446e+00	5.828e+00	4.267e+00	5.542e+00	3.590e+00	4.020e+00	3.513e+00	3.626e+00	2.907e+00	3.113e+00	2.887e+00	3.034e+00
3	13	4.367e+00	5.608e+00	4.138e+00	5.052e+00	3.561e+00	3.865e+00	3.521e+00	3.242e+00	3.521e+00	3.242e+00	3.216e+00	2.714e+00
3	14	2.763e+00	5.434e+00	2.233e+00	5.257e+00	1.863e+00	5.129e+00	1.698e+00	5.001e+00	1.698e+00	5.001e+00	1.659e+00	4.353e+00
3	15	3.440e+00	5.679e+00	3.230e+00	5.567e+00	3.230e+00	5.567e+00	1.911e+00	4.217e+00	1.911e+00	4.217e+00	1.911e+00	4.217e+00
3	16	4.099e+00	5.576e+00	3.821e+00	3.920e+00	2.840e+00	3.444e+00	2.840e+00	3.444e+00	2.840e+00	3.444e+00	2.808e+00	3.330e+00
3	17	4.151e+00	5.896e+00	3.594e+00	5.064e+00	3.024e+00	4.025e+00	2.635e+00	3.816e+00	2.402e+00	3.761e+00	2.398e+00	3.672e+00
3	18	3.887e+00	5.222e+00	3.408e+00	4.959e+00	2.050e+00	4.351e+00	2.050e+00	4.351e+00	1.744e+00	4.318e+00	1.744e+00	4.318e+00
3	19	4.850e+00	6.066e+00	3.783e+00	4.217e+00	2.930e+00	3.981e+00	2.884e+00	3.659e+00	2.809e+00	3.556e+00	2.660e+00	3.523e+00
3	20	3.543e+00	4.069e+00	3.543e+00	4.069e+00	3.543e+00	4.069e+00	3.073e+00	3.969e+00	2.818e+00	3.423e+00	2.816e+00	3.157e+00
4	0	4.092e+00	3.751e+00	3.884e+00	3.569e+00	3.629e+00	3.555e+00	3.629e+00	3.555e+00	3.327e+00	2.670e+00	3.327e+00	2.670e+00
4	1	4.246e+00	4.376e+00	4.102e+00	4.271e+00	3.569e+00	3.977e+00	3.129e+00	3.626e+00	3.081e+00	3.348e+00	2.911e+00	3.147e+00
4	2	4.271e+00	5.073e+00	3.585e+00	4.224e+00	3.203e+00	3.478e+00	3.203e+00	3.478e+00	3.203e+00	3.478e+00	2.669e+00	3.281e+00
4	3	4.921e+00	5.669e+00	3.482e+00	4.486e+00	3.182e+00	4.093e+00	3.015e+00	4.003e+00	2.548e+00	3.782e+00	2.365e+00	3.772e+00
4	4	3.728e+00	3.952e+00	3.579e+00	3.845e+00	3.248e+00	3.692e+00	2.819e+00	3.406e+00	2.819e+00	3.406e+00	2.791e+00	3.365e+00
4	5	4.342e+00	5.779e+00	3.278e+00	5.055e+00	3.017e+00	4.305e+00	3.017e+00	4.305e+00	2.981e+00	4.136e+00	2.668e+00	3.355e+00
4	6	3.944e+00	5.711e+00	3.345e+00	4.626e+00	3.345e+00	4.626e+00	3.237e+00	4.030e+00	2.782e+00	3.829e+00	2.670e+00	3.387e+00
4	7	3.791e+00	5.885e+00	2.967e+00	5.015e+00	2.915e+00	4.431e+00	2.915e+00	4.431e+00	2.458e+00	4.042e+00	2.096e+00	3.674e+00
4	8	3.795e+00	5.429e+00	3.394e+00	5.347e+00	2.544e+00	4.436e+00	2.356e+00	4.185e+00	2.356e+00	4.185e+00	2.155e+00	4.154e+00
4	9	4.657e+00	5.026e+00	3.983e+00	4.333e+00	3.384e+00	4.126e+00	2.955e+00	3.573e+00	2.921e+00	3.537e+00	2.853e+00	3.240e+00
4	10	3.668e+00	4.160e+00	3.668e+00	4.160e+00	2.614e+00	3.815e+00	2.614e+00	3.815e+00	2.480e+00	3.572e+00	2.329e+00	3.560e+00
4	11	3.436e+00	4.989e+00	2.939e+00	4.640e+00	1.966e+00	4.324e+00	1.966e+00	4.324e+00	1.936e+00	4.042e+00	1.919e+00	4.036e+00
4	12	4.546e+00	4.421e+00	3.559e+00	3.804e+00	3.480e+00	3.395e+00	3.480e+00	3.395e+00	3.215e+00	2.755e+00	3.215e+00	2.755e+00
4	13	3.597e+00	4.631e+00	3.564e+00	4.536e+00	3.286e+00	4.277e+00	2.976e+00	3.917e+00	2.506e+00	3.528e+00	2.476e+00	3.467e+00
4	14	4.681e+00	4.690e+00	4.295e+00	4.462e+00	3.208e+00	4.149e+00	3.131e+00	3.796e+00	2.874e+00	3.318e+00	2.745e+00	3.201e+00
4	15	3.878e+00	6.013e+00	3.601e+00	5.114e+00	3.312e+00	4.539e+00	3.060e+00	4.495e+00	2.704e+00	4.044e+00	2.231e+00	3.998e+00
4	16	3.980e+00	5.506e+00	3.854e+00	4.698e+00	3.637e+00	3.198e+00	3.637e+00	3.198e+00	3.297e+00	2.781e+00	3.297e+00	2.781e+00
4	17	4.234e+00	5.569e+00	3.889e+00	5.171e+00	3.843e+00	5.136e+00	3.564e+00	3.400e+00	3.420e+00	3.154e+00	3.340e+00	3.058e+00
4	18	3.681e+00	5.080e+00	2.714e+00	4.600e+00	2.326e+00	4.099e+00	2.133e+00	4.033e+00	2.133e+00	4.033e+00	2.133e+00	4.033e+00
4	19	3.685e+00	5.162e+00	2.723e+00	4.620e+00	2.259e+00	4.545e+00	1.983e+00	4.536e+00	1.983e+00	4.536e+00	1.900e+00	4.413e+00
4	20	3.389e+00	5.681e+00	3.343e+00	5.195e+00	3.082e+00	4.815e+00	2.937e+00	4.718e+00	2.149e+00	4.335e+00	2.149e+00	4.335e+00
5	0	4.858e+00	5.147e+00	3.390e+00	3.430e+00	3.390e+00	3.430e+00	3.199e+00	3.406e+00	3.053e+00	3.204e+00	3.053e+00	3.204e+00
5	1	3.728e+00	4.064e+00	3.482e+00	4.024e+00	2.807e+00	3.749e+00	2.793e+00	3.500e+00	2.793e+00	3.500e+00	2.607e+00	3.463e+00
5	2	4.195e+00	4.879e+00	4.093e+00	4.441e+00	3.747e+00	4.362e+00	3.617e+00	3.922e+00	3.245e+00	3.468e+00	3.088e+00	2.634e+00
5	3	5.026e+00	4.854e+00	4.461e+00	4.705e+00	3.712e+00	3.466e+00	3.682e+00	3.334e+00	3.628e+00	2.998e+00	3.409e+00	2.580e+00
5	4	4.682e+00	5.111e+00	4.038e+00	3.806e+00	4.038e+00	3.806e+00	3.784e+00	3.546e+00	2.738e+00	3.379e+00	2.584e+00	3.292e+00
5	5	4.625e+00	4.901e+00	3.941e+00	4.113e+00	3.785e+00	4.010e+00	3.422e+00	3.873e+00	2.798e+00	3.307e+00	2.764e+00	3.135e+00
5	6	5.030e+00	5.795e+00	3.060e+00	5.095e+00	3.060e+00	5.095e+00	2.514e+00	4.183e+00	2.514e+00	4.183e+00	2.177e+00	3.992e+00
5	7	3.091e+00	4.957e+00	2.767e+00	4.605e+00	2.767e+00	4.605e+00	2.461e+00	4.507e+00	2.461e+00	4.507e+00	2.215e+00	3.915e+00
5	8	3.714e+00	5.374e+00	2.905e+00	4.846e+00	2.886e+00	4.652e+00	2.842e+00	4.074e+00	2.842e+00	4.074e+00	2.581e+00	3.501e+00
5	9	4.166e+00	5.145e+00	4.027e+00	5.071e+00	2.978e+00	4.780e+00	2.155e+00	4.739e+00	2.002e+00	4.273e+00	1.699e+00	4.251e+00
5	10	4.112e+00	5.409e+00	3.697e+00	4.411e+00	2.790e+00	4.369e+00	1.921e+00	4.263e+00	1.921e+00	4.263e+00	1.847e+00	4.067e+00
5	11	3.148e+00	4.397e+00	2.912e+00	4.307e+00	2.912e+00	4.307e+00	2.912e+00	4.307e+00	2.720e+00	3.424e+00	2.714e+00	3.388e+00
5	12	3.247e+00	5.857e+00	2.914e+00	5.737e+00	2.672e+00	5.687e+00	2.672e+00	5.687e+00	1.913e+00	4.287e+00	1.877e+00	4.200e+00
5	13	3.561e+00	4.830e+00	3.281e+00	4.555e+00	2.439e+00	3.881e+00	2.252e+00	3.870e+00	2.252e+00	3.870e+00	2.252e+00	3.870e+00
5	14	3.158e+00	5.100e+00	2.801e+00	5.073e+00	2.426e+00	4.720e+00	2.426e+00	4.720e+00	2.069e+00	4.187e+00	2.029e+00	4.131e+00
5	15	3.161e+00	5.864e+00	3.011e+00	5.677e+00	2.465e+00	5.181e+00	2.132e+00	5.080e+00	2.132e+00	5.080e+00	1.626e+00	4.252e+00
5	16	3.810e+00	3.418e+00	3.810e+00	3.418e+00	3.614e+00	3.351e+00	3.481e+00	3.333e+00	3.415e+00	3.279e+00	3.103e+00	2.716e+00
5	17	4.980e+00	5.873e+00	4.163e+00	3.285e+00	4.002e+00	3.047e+00	3.969e+00	2.708e+00	3.729e+00	2.612e+00	3.729e+00	2.612e+00
5	18	3.587e+00	4.998e+00	3.039e+00	4.109e+00	2.816e+00	3.924e+00	2.783e+00	3.694e+00	2.783e+00	3.694e+00	2.611e+00	3.513e+00
5	19	3.784e+00	5.266e+00	3.227e+00	4.783e+00	2.603e+00	4.604e+00	2.409e+00	4.328e+00	2.315e+00	3.920e+00	2.315e+00	3.920e+00
5	20	4.687e+00	5.326e+00	3.824e+00	3.558e+00	3.511e+00	3.321e+00	3.249e+00	2.906e+00	3.249e+00	2.906e+00	3.061e+00	2.793e+00
6	0	3.569e+00	4.978e+00	3.092e+00	4.882e+00	2.266e+00	4.664e+00	2.266e+00	4.664e+00	2.163e+00	4.456e+00	2.000e+00	4.180e+00
6	1	4.398e+00	4.642e+00	3.442e+00	3.444e+00	3.442e+00	3.444e+00	2.881e+00	3.253e+00	2.696e+00	3.177e+00	2.696e+00	3.177e+00
6	2	3.730e+00	5.423e+00	3.730e+00	5.423e+00	3.600e+00	4.312e+00	3.372e+00	4.293e+00	2.575e+00	3.940e+00	2.304e+00	3.612e+00
6	3	4.422e+00	5.255e+00	3.715e+00	5.203e+00	3.131e+00	5.079e+00	2.862e+00	4.536e+00	2.659e+00	3.800e+00	2.475e+00	3.616e+00
6	4	4.516e+00	5.379e+00	3.959e+00	4.094e+00	3.839e+00	3.913e+00	2.688e+00	3.692e+00	2.262e+00	3.577e+00	2.262e+00	3.577e+00
6	5	2.911e+00	4.909e+00	2.537e+00	3.737e+00	2.537e+00	3.737e+00	2.404e+00	3.517e+00	2.404e+00	3.517e+00	2.363e+00	3.500e+00
6	6	3.929e+00	5.218e+00	3.204e+00	4.411e+00	3.040e+00	4.263e+00	3.040e+00	4.263e+00	2.321e+00	4.009e+00	2.232e+00	3.751e+00
6	7	4.972e+00	4.830e+00	4.518e+00	4.678e+00	4.068e+00	3.886e+00	3.546e+00	3.374e+00	3.460e+00	3.242e+00	3.142e+00	2.880e+00
6	8	4.315e+00	5.908e+00	3.378e+00	4.685e+00	3.070e+00	4.620e+00	2.700e+00	3.802e+00	2.481e+00	3.640e+00	2.481e+00	3.640e+00
6	9	3.286e+00	4.943e+00	3.073e+00	4.849e+00	2.994e+00	4.809e+00	2.584e+00	4.525e+00	1.794e+00	4.364e+00	1.794e+00	4.364e+00
6	10	4.513e+00	4.817e+00	4.012e+00	4.603e+00	2.553e+00	3.950e+00	2.553e+00	3.950e+00	2.514e+00	3.442e+00	2.514e+00	3.442e+00
6	11	4.520e+00	5.234e+00	2.811e+00	4.841e+00	2.600e+00	4.467e+00	2.600e+00	4.467e+00	2.148e+00	4.403e+00	1.965e+00	4.018e+00
6	12	4.315e+00	5.018e+00	3.724e+00	4.838e+00	2.502e+00	3.808e+00	2.502e+00	3.808e+00	2.502e+00	3.808e+00	2.472e+00	3.530e+00
6	13	5.090e+00	5.618e+00	4.016e+00	4.774e+00	2.254e+00	4.184e+00	2.254e+00	4.184e+00	2.254e+00	4.184e+00	2.243e+00	4.058e+00
6	14	2.967e+00	5.347e+00	2.827e+00	5.224e+00	2.454e+00	5.204e+00	2.454e+00	5.204e+00	2.148e+00	4.085e+00	2.148e+00	4.085e+00
6	15	4.453e+00	5.136e+00	3.719e+00	4.192e+00	3.719e+00	4.192e+00	3.719e+00	4.192e+00	2.682e+00	3.529e+00	2.682e+00	3.529e+00
6	16	4.514e+00	4.570e+00	3.525e+00	3.698e+00	3.481e+00	3.233e+00	3.379e+00	2.877e+00	3.379e+00	2.877e+00	3.159e+00	2.749e+00
6	17	5.283e+00	4.999e+00	4.035e+00	4.709e+00	3.567e+00	3.348e+00	3.070e+00	3.348e+00	2.998e+00	3.144e+00	2.965e+00	2.986e+00
6	18	4.364e+00	4.855e+00	3.793e+00	4.400e+00	3.759e+00	3.712e+00	3.423e+00	3.698e+00	3.147e+00	3.481e+00	2.730e+00	3.251e+00
6	19	3.810e+00	5.643e+00	3.274e+00	4.617e+00	3.082e+00	3.918e+00	3.082e+00	3.918e+00	2.904e+00	3.670e+00	2.598e+00	3.507e+00
6	20	4.049e+00	4.798e+00	3.348e+00	4.686e+00	3.172e+00	4.331e+00	3.172e+00	4.331e+00	2.484e+00	3.698e+00	2.458e+00	3.622e+00
7	0	4.168e+00	5.350e+00	3.929e+00	4.879e+00	3.860e+00	4.501e+00	2.523e+00	3.993e+00	2.401e+00	3.987e+00	2.069e+00	3.937e+00
7	1	3.614e+00	5.294e+00	3.552e+00	4.742e+00	3.062e+00	4.103e+00	2.408e+00	3.827e+00	2.299e+00	3.617e+00	2.286e+00	3.465e+00
7	2	2.861e+00	5.874e+00	2.481e+00	4.410e+00	2.481e+00	4.410e+00	2.445e+00	4.387e+00	2.355e+00	3.893e+00	2.121e+00	3.586e+00
7	3	3.459e+00	5.155e+00	2.854e+00	4.718e+00	2.854e+00	4.718e+00	2.602e+00	3.890e+00	2.602e+00	3.890e+00	2.320e+00	3.786e+00
7	4	4.045e+00	5.279e+00	3.320e+00	4.896e+00	2.242e+00	4.295e+00	2.242e+00	4.295e+00	2.242e+00	4.295e+00	2.034e+00	4.105e+00
7	5	3.401e+00	3.776e+00	3.117e+00	3.714e+00	3.117e+00	3.714e+00	3.117e+00	3.714e+00	2.471e+00	3.586e+00	2.371e+00	3.578e+00
7	6	3.950e+00	4.659e+00	3.706e+00	4.506e+00	3.065e+00	4.415e+00	2.989e+00	4.394e+00	2.402e+00	3.994e+00	2.028e+00	3.923e+00
7	7	4.213e+00	5.631e+00	3.492e+00	4.547e+00	3.125e+00	4.102e+00	2.353e+00	3.858e+00	2.318e+00	3.764e+00	2.169e+00	3.557e+00
7	8	4.780e+00	4.586e+00	4.318e+00	4.048e+00	3.547e+00	2.969e+00	3.547e+00	2.969e+00	3.448e+00	2.899e+00	3.086e+00	2.831e+00
7	9	4.953e+00	4.510e+00	4.720e+00	4.240e+00	3.834e+00	3.974e+00	3.346e+00	3.367e+00	3.292e+00	3.130e+00	2.951e+00	2.864e+00
7	10	5.184e+00	5.280e+00	4.419e+00	3.614e+00	2.944e+00	3.598e+00	2.884e+00	3.473e+00	2.679e+00	3.279e+00	2.679e+00	3.279e+00
7	11	3.070e+00	5.525e+00	2.886e+00	4.849e+00	2.639e+00	4.673e+00	2.639e+00	4.673e+00	2.156e+00	4.333e+00	2.098e+00	3.840e+00
7	12	4.922e+00	4.909e+00	4.248e+00	4.511e+00	2.759e+00	4.070e+00	2.759e+00	4.070e+00	2.632e+00	3.915e+00	2.550e+00	3.695e+00
7	13	3.091e+00	5.751e+00	2.920e+00	4.758e+00	2.848e+00	4.648e+00	2.666e+00	4.613e+00	2.423e+00	3.789e+00	2.324e+00	3.501e+00
7	14	3.806e+00	4.611e+00	3.806e+00	4.611e+00	3.260e+00	4.269e+00	3.260e+00	4.269e+00	2.448e+00	3.757e+00	2.448e+00	3.757e+00
7	15	3.887e+00	5.430e+00	3.834e+00	5.390e+00	2.868e+00	4.211e+00	2.787e+00	3.436e+00	2.787e+00	3.436e+00	2.787e+00	3.436e+00
7	16	4.686e+00	4.759e+00	4.166e+00	4.351e+00	3.420e+00	3.813e+00	2.986e+00	3.635e+00	2.986e+00	3.635e+00	2.541e+00	3.455e+00
7	17	3.933e+00	5.813e+00	3.238e+00	4.542e+00	2.880e+00	4.099e+00	2.717e+00	3.919e+00	2.717e+00	3.919e+00	2.558e+00	3.362e+00
7	18	3.530e+00	5.564e+00	3.530e+00	5.564e+00	3.331e+00	4.869e+00	3.057e+00	4.681e+00	2.647e+00	3.910e+00	2.573e+00	3.664e+00
7	19	4.029e+00	4.727e+00	3.791e+00	3.921e+00	3.509e+00	3.857e+00	3.211e+00	3.578e+00	3.183e+00	3.491e+00	2.931e+00	3.254e+00
7	20	2.920e+00	5.657e+00	2.920e+00	5.657e+00	2.785e+00	4.754e+00	2.785e+00	4.754e+00	1.680e+00	4.432e+00	1.541e+00	4.424e+00
8	0	3.767e+00	4.983e+00	3.767e+00	4.983e+00	2.686e+00	4.779e+00	1.366e+00	4.639e+00	1.366e+00	4.639e+00	1.270e+00	4.637e+00
8	1	3.430e+00	4.442e+00	2.801e+00	4.407e+00	2.422e+00	4.250e+00	2.422e+00	4.250e+00	2.359e+00	3.612e+00	2.356e+00	3.396e+00
8	2	4.116e+00	5.635e+00	3.725e+00	5.542e+00	3.108e+00	5.000e+00	2.919e+00	4.919e+00	2.509e+00	4.247e+00	2.185e+00	4.049e+00
8	3	4.032e+00	4.308e+00	3.875e+00	3.878e+00	3.875e+00	3.878e+00	3.604e+00	3.480e+00	3.559e+00	3.139e+00	3.361e+00	2.833e+00
8	4	3.225e+00	5.392e+00	2.937e+00	5.120e+00	2.937e+00	5.120e+00	2.144e+00	4.394e+00	2.144e+00	4.394e+00	2.127e+00	4.075e+00
8	5	3.910e+00	6.028e+00	3.652e+00	4.511e+00	2.060e+00	4.248e+00	2.060e+00	4.248e+00	2.060e+00	4.248e+00	1.955e+00	4.176e+00
8	6	5.160e+00	5.279e+00	3.843e+00	4.971e+00	3.048e+00	4.422e+00	2.282e+00	4.091e+00	2.262e+00	3.900e+00	2.122e+00	3.777e+00
8	7	4.947e+00	5.452e+00	4.078e+00	4.893e+00	2.617e+00	4.828e+00	2.301e+00	3.707e+00	2.301e+00	3.707e+00	2.238e+00	3.682e+00
8	8	3.886e+00	5.266e+00	2.897e+00	4.285e+00	2.897e+00	4.285e+00	2.765e+00	4.116e+00	2.551e+00	4.057e+00	2.198e+00	3.878e+00
8	9	4.652e+00	4.744e+00	4.191e+00	3.376e+00	3.953e+00	2.760e+00	3.953e+00	2.760e+00	3.605e+00	2.534e+00	3.575e+00	2.452e+00
8	10	3.569e+00	5.033e+00	2.616e+00	4.840e+00	2.392e+00	4.458e+00	2.392e+00	4.458e+00	2.330e+00	3.882e+00	2.330e+00	3.882e+00
8	11	3.686e+00	5.323e+00	2.750e+00	5.153e+00	2.750e+00	5.153e+00	2.750e+00	5.153e+00	2.185e+00	4.645e+00	1.835e+00	4.334e+00
8	12	3.685e+00	5.824e+00	2.678e+00	5.208e+00	2.678e+00	5.208e+00	2.257e+00	4.591e+00	1.746e+00	4.559e+00	1.498e+00	4.464e+00
8	13	4.161e+00	5.537e+00	4.161e+00	5.537e+00	2.782e+00	4.117e+00	2.782e+00	4.117e+00	2.477e+00	3.811e+00	2.472e+00	3.643e+00
8	14	5.072e+00	5.496e+00	5.072e+00	5.496e+00	3.501e+00	4.483e+00	3.138e+00	4.060e+00	2.655e+00	3.292e+00	2.655e+00	3.292e+00
8	15	4.497e+00	4.813e+00	4.187e+00	4.015e+00	4.187e+00	4.015e+00	3.123e+00	3.405e+00	3.123e+00	3.405e+00	2.874e+00	3.267e+00
8	16	3.126e+00	6.583e+00	2.787e+00	6.149e+00	2.527e+00	4.913e+00	2.527e+00	4.913e+00	2.444e+00	3.819e+00	2.208e+00	3.640e+00
8	17	4.663e+00	5.281e+00	4.408e+00	4.798e+00	3.134e+00	4.083e+00	2.775e+00	3.866e+00	2.752e+00	3.819e+00	2.574e+00	3.459e+00
8	18	4.055e+00	5.214e+00	4.055e+00	5.214e+00	3.455e+00	4.622e+00	2.883e+00	3.676e+00	2.641e+00	3.571e+00	2.431e+00	3.411e+00
8	19	4.685e+00	5.545e+00	3.614e+00	5.513e+00	3.541e+00	5.198e+00	3.541e+00	5.198e+00	1.983e+00	4.312e+00	1.983e+00	4.312e+00
8	20	3.981e+00	5.215e+00	3.209e+00	4.917e+00	3.087e+00	4.810e+00	2.510e+00	4.606e+00	2.120e+00	4.046e+00	2.120e+00	4.046e+00
9	0	2.991e+00	5.120e+00	2.991e+00	5.120e+00	2.713e+00	4.727e+00	2.014e+00	4.646e+00	1.891e+00	4.091e+00	1.891e+00	4.091e+00
9	1	4.232e+00	5.521e+00	3.099e+00	5.060e+00	2.802e+00	4.533e+00	2.759e+00	3.702e+00	2.613e+00	3.645e+00	2.414e+00	3.586e+00
9	2	4.677e+00	4.951e+00	3.761e+00	4.748e+00	3.758e+00	4.403e+00	3.240e+00	4.249e+00	2.915e+00	3.293e+00	2.804e+00	3.217e+00
9	3	3.598e+00	5.547e+00	3.396e+00	5.112e+00	3.131e+00	4.769e+00	2.516e+00	4.691e+00	2.042e+00	4.464e+00	1.514e+00	4.341e+00
9	4	4.678e+00	5.142e+00	4.159e+00	3.985e+00	3.833e+00	3.787e+00	3.671e+00	3.668e+00	2.873e+00	3.175e+00	2.873e+00	3.175e+00
9	5	4.581e+00	5.232e+00	3.477e+00	4.651e+00	3.416e+00	4.474e+00	2.744e+00	3.779e+00	2.578e+00	3.721e+00	2.347e+00	3.678e+00
9	6	3.968e+00	5.706e+00	3.849e+00	5.637e+00	2.795e+00	4.131e+00	2.224e+00	3.956e+00	2.224e+00	3.956e+00	2.056e+00	3.948e+00
9	7	3.876e+00	4.935e+00	2.543e+00	4.479e+00	2.399e+00	4.271e+00	2.254e+00	4.023e+00	2.182e+00	3.684e+00	2.182e+00	3.684e+00
9	8	3.240e+00	6.063e+00	2.295e+00	4.956e+00	2.266e+00	4.590e+00	2.266e+00	4.590e+00	2.192e+00	4.463e+00	1.919e+00	4.191e+00
9	9	2.920e+00	4.944e+00	2.853e+00	4.403e+00	2.853e+00	4.403e+00	2.201e+00	3.981e+00	2.201e+00	3.981e+00	2.128e+00	3.832e+00
9	10	4.054e+00	5.871e+00	2.590e+00	4.172e+00	2.590e+00	4.172e+00	2.471e+00	3.817e+00	2.363e+00	3.549e+00	2.315e+00	3.418e+00
9	11	4.621e+00	5.022e+00	2.260e+00	4.605e+00	2.260e+00	4.605e+00	2.260e+00	4.605e+00	2.056e+00	4.563e+00	1.645e+00	4.546e+00
9	12	4.479e+00	5.405e+00	4.200e+00	4.325e+00	3.853e+00	3.975e+00	3.853e+00	3.975e+00	3.346e+00	3.584e+00	2.760e+00	3.098e+00
9	13	3.504e+00	5.293e+00	3.059e+00	4.650e+00	2.729e+00	4.060e+00	2.729e+00	4.060e+00	2.729e+00	4.060e+00	2.402e+00	3.660e+00
9	14	3.977e+00	5.591e+00	3.653e+00	3.967e+00	3.365e+00	3.464e+00	3.365e+00	3.464e+00	3.365e+00	3.464e+00	2.937e+00	3.436e+00
9	15	4.030e+00	4.519e+00	3.996e+00	3.903e+00	3.880e+00	3.608e+00	3.837e+00	3.471e+00	3.442e+00	3.219e+00	3.242e+00	2.717e+00
9	16	3.991e+00	3.580e+00	3.991e+00	3.580e+00	3.991e+00	3.580e+00	3.991e+00	3.580e+00	3.398e+00	2.816e+00	3.250e+00	2.758e+00
9	17	4.416e+00	4.888e+00	3.453e+00	4.058e+00	3.453e+00	4.058e+00	3.050e+00	3.632e+00	2.900e+00	3.463e+00	2.754e+00	3.236e+00
9	18	4.100e+00	5.038e+00	3.840e+00	4.770e+00	3.313e+00	3.921e+00	3.187e+00	3.779e+00	3.076e+00	3.593e+00	2.503e+00	3.471e+00
9	19	4.494e+00	5.300e+00	3.592e+00	4.593e+00	3.420e+00	4.103e+00	3.193e+00	3.176e+00	3.193e+00	3.176e+00	3.193e+00	3.176e+00
9	20	4.550e+00	5.569e+00	3.089e+00	4.602e+00	2.898e+00	4.409e+00	2.692e+00	4.083e+00	2.636e+00	3.812e+00	2.437e+00	3.583e+00
10	0	4.327e+00	5.019e+00	3.262e+00	3.934e+00	3.262e+00	3.934e+00	2.842e+00	3.493e+00	2.842e+00	3.493e+00	2.811e+00	3.308e+00
10	1	3.963e+00	4.982e+00	3.740e+00	4.698e+00	2.741e+00	4.265e+00	2.636e+00	3.917e+00	2.636e+00	3.917e+00	2.159e+00	3.777e+00
10	2	3.982e+00	4.862e+00	3.788e+00	4.789e+00	3.208e+00	4.066e+00	2.900e+00	3.403e+00	2.900e+00	3.403e+00	2.826e+00	3.111e+00
10	3	3.662e+00	4.504e+00	2.668e+00	4.247e+00	2.668e+00	4.247e+00	2.631e+00	4.175e+00	2.292e+00	3.858e+00	2.194e+00	3.812e+00
10	4	3.524e+00	4.388e+00	3.524e+00	4.388e+00	3.051e+00	4.373e+00	3.051e+00	4.373e+00	2.042e+00	4.103e+00	1.908e+00	3.968e+00
10	5	4.793e+00	5.393e+00	3.684e+00	4.266e+00	3.323e+00	4.011e+00	3.091e+00	3.836e+00	2.724e+00	3.396e+00	2.724e+00	3.396e+00
10	6	4.569e+00	5.108e+00	3.276e+00	3.822e+00	3.271e+00	3.695e+00	3.119e+00	3.130e+00	3.119e+00	3.130e+00	2.929e+00	3.073e+00
10	7	3.995e+00	4.835e+00	3.445e+00	4.360e+00	3.337e+00	3.899e+00	2.898e+00	3.728e+00	2.898e+00	3.728e+00	2.632e+00	3.438e+00
10	8	3.938e+00	5.320e+00	3.582e+00	5.116e+00	2.661e+00	3.845e+00	2.661e+00	3.845e+00	2.518e+00	3.538e+00	2.483e+00	3.434e+00
10	9	3.179e+00	5.061e+00	2.931e+00	4.933e+00	2.726e+00	4.896e+00	1.994e+00	4.468e+00	1.759e+00	4.411e+00	1.759e+00	4.411e+00
10	10	4.041e+00	4.477e+00	3.416e+00	4.452e+00	3.388e+00	4.180e+00	3.205e+00	4.133e+00	2.929e+00	3.443e+00	2.764e+00	3.315e+00
10	11	5.015e+00	5.534e+00	4.223e+00	4.156e+00	2.601e+00	3.816e+00	2.601e+00	3.816e+00	2.577e+00	3.633e+00	2.484e+00	3.609e+00
10	12	4.504e+00	5.184e+00	3.967e+00	4.775e+00	2.926e+00	4.444e+00	2.834e+00	4.415e+00	2.304e+00	3.910e+00	2.304e+00	3.910e+00
10	13	5.289e+00	4.554e+00	3.229e+00	4.256e+00	3.124e+00	3.962e+00	3.086e+00	3.680e+00	2.965e+00	3.445e+00	2.627e+00	3.240e+00
10	14	4.141e+00	6.079e+00	2.926e+00	4.460e+00	2.813e+00	4.277e+00	2.629e+00	3.988e+00	2.615e+00	3.834e+00	2.376e+00	3.774e+00
10	15	3.515e+00	5.244e+00	3.068e+00	4.810e+00	2.685e+00	4.751e+00	2.654e+00	4.339e+00	2.038e+00	3.863e+00	1.974e+00	3.773e+00
10	16	4.174e+00	5.735e+00	3.383e+00	4.610e+00	3.192e+00	4.535e+00	2.576e+00	4.223e+00	2.576e+00	4.223e+00	2.503e+00	3.384e+00
10	17	4.240e+00	4.991e+00	3.912e+00	4.884e+00	3.667e+00	3.210e+00	3.557e+00	3.181e+00	3.521e+00	2.951e+00	3.403e+00	2.673e+00
10	18	4.131e+00	4.686e+00	3.538e+00	4.288e+00	3.409e+00	3.499e+00	3.409e+00	3.499e+00	3.314e+00	3.431e+00	2.897e+00	3.123e+00
10	19	4.816e+00	4.932e+00	3.387e+00	4.708e+00	3.159e+00	3.993e+00	3.159e+00	3.993e+00	2.865e+00	3.700e+00	2.685e+00	3.222e+00
10	20	3.669e+00	5.171e+00	3.383e+00	5.076e+00	3.286e+00	4.247e+00	2.915e+00	4.127e+00	2.429e+00	3.916e+00	2.278e+00	3.788e+00
11	0	4.606e+00	5.116e+00	3.924e+00	4.590e+00	3.399e+00	4.181e+00	2.871e+00	3.603e+00	2.764e+00	3.529e+00	2.764e+00	3.529e+00
11	1	4.494e+00	5.469e+00	4.066e+00	5.160e+00	3.184e+00	4.709e+00	3.136e+00	4.219e+00	2.331e+00	3.605e+00	2.331e+00	3.605e+00
11	2	4.166e+00	6.255e+00	3.854e+00	4.226e+00	3.854e+00	4.226e+00	3.253e+00	3.956e+00	3.018e+00	3.450e+00	2.759e+00	3.322e+00
11	3	3.142e+00	5.079e+00	3.142e+00	5.079e+00	2.654e+00	4.048e+00	2.654e+00	4.048e+00	2.353e+00	3.893e+00	2.280e+00	3.784e+00
11	4	4.943e+00	4.628e+00	3.681e+00	4.104e+00	3.441e+00	3.676e+00	3.224e+00	3.439e+00	3.224e+00	3.439e+00	2.951e+00	3.030e+00
11	5	4.597e+00	5.299e+00	3.322e+00	4.418e+00	3.322e+00	4.418e+00	2.528e+00	3.693e+00	2.487e+00	3.357e+00	2.487e+00	3.357e+00
11	6	4.172e+00	4.799e+00	3.642e+00	4.363e+00	2.850e+00	4.016e+00	2.850e+00	4.016e+00	2.725e+00	3.186e+00	2.725e+00	3.186e+00
11	7	3.233e+00	5.070e+00	3.233e+00	5.070e+00	2.690e+00	4.668e+00	2.690e+00	4.668e+00	2.389e+00	4.283e+00	2.316e+00	3.628e+00
11	8	4.582e+00	5.578e+00	4.582e+00	5.578e+00	3.519e+00	3.762e+00	3.519e+00	3.762e+00	3.158e+00	2.871e+00	3.158e+00	2.871e+00
11	9	3.954e+00	3.853e+00	3.701e+00	3.768e+00	3.648e+00	3.476e+00	3.456e+00	3.111e+00	3.456e+00	3.111e+00	3.360e+00	2.396e+00
11	10	3.351e+00	4.954e+00	3.066e+00	4.786e+00	2.654e+00	3.591e+00	2.654e+00	3.591e+00	2.606e+00	3.442e+00	2.606e+00	3.442e+00
11	11	3.289e+00	5.269e+00	3.200e+00	4.756e+00	3.043e+00	4.432e+00	2.847e+00	4.135e+00	2.847e+00	4.135e+00	2.305e+00	3.733e+00
11	12	3.722e+00	5.259e+00	3.135e+00	4.329e+00	2.662e+00	4.004e+00	2.662e+00	4.004e+00	2.212e+00	3.829e+00	2.212e+00	3.829e+00
11	13	4.597e+00	4.776e+00	3.751e+00	4.145e+00	3.751e+00	4.145e+00	3.116e+00	3.555e+00	2.618e+00	3.355e+00	2.618e+00	3.355e+00
11	14	3.707e+00	5.085e+00	3.707e+00	5.085e+00	2.914e+00	4.110e+00	2.534e+00	4.094e+00	2.519e+00	3.614e+00	2.519e+00	3.614e+00
11	15	3.551e+00	4.399e+00	3.203e+00	4.233e+00	3.187e+00	4.107e+00	2.904e+00	3.766e+00	2.904e+00	3.766e+00	2.712e+00	3.537e+00
11	16	4.321e+00	4.859e+00	3.922e+00	3.834e+00	3.179e+00	3.762e+00	2.681e+00	3.748e+00	2.623e+00	3.500e+00	2.623e+00	3.500e+00
11	17	3.879e+00	5.131e+00	3.160e+00	4.230e+00	3.160e+00	4.230e+00	2.615e+00	3.831e+00	2.615e+00	3.831e+00	2.390e+00	3.737e+00
11	18	3.593e+00	4.871e+00	3.226e+00	4.634e+00	2.999e+00	3.872e+00	2.607e+00	3.618e+00	2.466e+00	3.372e+00	2.466e+00	3.372e+00
11	19	4.743e+00	5.488e+00	3.578e+00	5.259e+00	2.816e+00	4.659e+00	2.296e+00	4.464e+00	1.954e+00	4.053e+00	1.954e+00	4.053e+00
11	20	3.601e+00	4.903e+00	3.124e+00	4.290e+00	2.979e+00	4.004e+00	2.979e+00	4.004e+00	2.737e+00	4.000e+00	2.559e+00	3.378e+00
12	0	4.813e+00	4.941e+00	4.455e+00	4.795e+00	4.424e+00	4.454e+00	4.115e+00	2.640e+00	4.115e+00	2.640e+00	3.635e+00	2.461e+00
12	1	3.274e+00	4.751e+00	3.274e+00	4.751e+00	2.994e+00	4.160e+00	2.947e+00	3.880e+00	2.852e+00	3.812e+00	2.736e+00	3.540e+00
12	2	3.678e+00	4.572e+00	3.134e+00	4.396e+00	2.586e+00	4.164e+00	2.278e+00	4.079e+00	2.057e+00	3.995e+00	1.949e+00	3.955e+00
12	3	3.846e+00	5.072e+00	3.798e+00	5.014e+00	3.132e+00	4.356e+00	2.787e+00	3.743e+00	2.780e+00	3.438e+00	2.780e+00	3.438e+00
12	4	3.327e+00	4.796e+00	3.087e+00	3.974e+00	3.087e+00	3.974e+00	3.087e+00	3.974e+00	2.657e+00	3.703e+00	2.484e+00	3.445e+00
12	5	4.413e+00	5.084e+00	3.169e+00	4.542e+00	3.046e+00	4.448e+00	2.705e+00	3.703e+00	2.705e+00	3.703e+00	2.402e+00	3.502e+00
12	6	4.353e+00	5.540e+00	3.893e+00	5.151e+00	2.639e+00	4.148e+00	2.439e+00	3.823e+00	2.349e+00	3.812e+00	2.218e+00	3.775e+00
12	7	4.520e+00	4.542e+00	2.910e+00	3.947e+00	2.650e+00	3.862e+00	2.627e+00	3.597e+00	2.599e+00	3.544e+00	2.576e+00	3.359e+00
12	8	4.106e+00	4.611e+00	3.321e+00	4.231e+00	3.087e+00	3.826e+00	3.087e+00	3.826e+00	2.848e+00	3.463e+00	2.671e+00	3.366e+00
12	9	4.010e+00	4.860e+00	3.584e+00	4.233e+00	3.584e+00	4.233e+00	2.926e+00	4.208e+00	2.842e+00	3.650e+00	2.732e+00	3.403e+00
12	10	3.975e+00	5.984e+00	3.264e+00	4.339e+00	3.092e+00	3.335e+00	3.092e+00	3.335e+00	3.001e+00	3.314e+00	2.804e+00	3.261e+00
12	11	4.043e+00	4.937e+00	3.885e+00	4.468e+00	3.050e+00	4.078e+00	2.820e+00	3.954e+00	2.820e+00	3.954e+00	2.462e+00	3.461e+00
12	12	4.090e+00	4.623e+00	3.712e+00	4.614e+00	3.206e+00	3.912e+00	2.837e+00	3.648e+00	2.687e+00	3.563e+00	2.371e+00	3.405e+00
12	13	4.575e+00	5.212e+00	3.072e+00	3.926e+00	2.530e+00	3.635e+00	2.496e+00	3.581e+00	2.496e+00	3.581e+00	2.413e+00	3.396e+00
12	14	4.443e+00	4.963e+00	3.586e+00	4.648e+00	2.841e+00	3.845e+00	2.841e+00	3.845e+00	2.797e+00	3.463e+00	2.673e+00	3.375e+00
12	15	4.623e+00	4.776e+00	3.385e+00	3.852e+00	3.258e+00	3.550e+00	3.258e+00	3.550e+00	3.080e+00	3.521e+00	2.928e+00	3.082e+00
12	16	4.456e+00	6.333e+00	2.996e+00	5.177e+00	2.536e+00	4.993e+00	2.449e+00	4.506e+00	2.130e+00	3.868e+00	2.130e+00	3.868e+00
12	17	4.461e+00	4.414e+00	3.812e+00	4.289e+00	3.047e+00	4.134e+00	2.656e+00	4.072e+00	2.608e+00	3.978e+00	2.295e+00	3.656e+00
12	18	4.101e+00	4.905e+00	2.979e+00	4.264e+00	2.431e+00	4.190e+00	2.379e+00	4.102e+00	2.325e+00	3.853e+00	2.164e+00	3.779e+00
12	19	4.181e+00	5.309e+00	2.776e+00	4.946e+00	2.047e+00	4.570e+00	1.740e+00	4.487e+00	1.740e+00	4.487e+00	1.740e+00	4.487e+00
12	20	4.169e+00	4.813e+00	4.145e+00	4.569e+00	4.041e+00	4.539e+00	3.188e+00	3.724e+00	2.922e+00	3.499e+00	2.773e+00	3.321e+00
13	0	4.397e+00	5.390e+00	4.122e+00	4.783e+00	3.905e+00	4.321e+00	3.519e+00	3.742e+00	3.209e+00	3.108e+00	3.090e+00	2.858e+00
13	1	4.575e+00	4.651e+00	4.575e+00	4.651e+00	3.612e+00	4.342e+00	3.565e+00	3.622e+00	3.181e+00	3.374e+00	3.106e+00	3.319e+00
13	2	3.753e+00	5.340e+00	3.753e+00	5.340e+00	3.172e+00	5.015e+00	2.525e+00	4.523e+00	2.003e+00	4.319e+00	1.819e+00	4.222e+00
13	3	3.279e+00	5.488e+00	3.229e+00	5.100e+00	2.337e+00	4.317e+00	2.172e+00	4.088e+00	2.172e+00	4.088e+00	2.172e+00	4.088e+00
13	4	4.551e+00	5.618e+00	3.004e+00	5.303e+00	1.957e+00	4.448e+00	1.957e+00	4.448e+00	1.957e+00	4.448e+00	1.862e+00	4.253e+00
13	5	4.011e+00	5.975e+00	3.056e+00	5.235e+00	2.578e+00	4.836e+00	2.341e+00	4.402e+00	2.341e+00	4.402e+00	1.843e+00	4.350e+00
13	6	4.550e+00	4.654e+00	4.118e+00	4.559e+00	3.952e+00	3.971e+00	3.603e+00	3.534e+00	2.606e+00	3.312e+00	2.606e+00	3.312e+00
13	7	3.854e+00	4.180e+00	3.446e+00	3.666e+00	3.094e+00	3.162e+00	3.053e+00	3.095e+00	2.998e+00	3.082e+00	2.914e+00	3.004e+00
13	8	3.786e+00	4.513e+00	3.283e+00	4.142e+00	3.283e+00	4.142e+00	3.033e+00	3.611e+00	2.842e+00	3.425e+00	2.730e+00	3.322e+00
13	9	4.526e+00	4.587e+00	4.490e+00	4.306e+00	3.515e+00	3.908e+00	3.515e+00	3.908e+00	2.688e+00	3.222e+00	2.688e+00	3.222e+00
13	10	3.304e+00	5.420e+00	2.964e+00	4.227e+00	2.964e+00	4.227e+00	2.964e+00	4.227e+00	2.310e+00	3.929e+00	2.215e+00	3.848e+00
13	11	3.215e+00	4.424e+00	3.215e+00	4.424e+00	2.804e+00	3.748e+00	2.782e+00	3.702e+00	2.409e+00	3.542e+00	2.409e+00	3.542e+00
13	12	4.663e+00	4.776e+00	3.308e+00	4.002e+00	3.296e+00	3.615e+00	3.218e+00	3.076e+00	3.026e+00	2.874e+00	3.026e+00	2.874e+00
13	13	4.001e+00	5.872e+00	2.895e+00	5.298e+00	2.273e+00	4.133e+00	2.207e+00	3.801e+00	2.207e+00	3.801e+00	2.207e+00	3.801e+00
13	14	3.695e+00	5.242e+00	3.389e+00	4.780e+00	3.379e+00	4.485e+00	2.836e+00	4.100e+00	2.836e+00	4.100e+00	2.400e+00	3.603e+00
13	15	4.514e+00	5.039e+00	3.563e+00	4.378e+00	3.202e+00	3.847e+00	3.202e+00	3.847e+00	3.126e+00	3.588e+00	3.001e+00	3.224e+00
13	16	4.615e+00	6.372e+00	2.901e+00	4.454e+00	2.880e+00	4.370e+00	2.601e+00	4.055e+00	2.308e+00	3.878e+00	2.005e+00	3.751e+00
13	17	3.231e+00	5.189e+00	3.231e+00	5.189e+00	3.231e+00	5.189e+00	3.071e+00	4.348e+00	2.355e+00	3.658e+00	2.355e+00	3.658e+00
13	18	4.262e+00	5.294e+00	3.469e+00	4.475e+00	3.469e+00	4.475e+00	2.395e+00	4.193e+00	2.219e+00	4.162e+00	2.219e+00	4.162e+00
13	19	3.944e+00	5.893e+00	3.669e+00	5.762e+00	2.312e+00	4.839e+00	2.057e+00	4.429e+00	2.006e+00	4.266e+00	1.834e+00	3.921e+00
13	20	4.017e+00	5.218e+00	3.556e+00	4.632e+00	3.431e+00	3.816e+00	3.431e+00	3.816e+00	2.862e+00	3.043e+00	2.862e+00	3.043e+00
14	0	3.731e+00	3.998e+00	3.731e+00	3.998e+00	3.278e+00	3.930e+00	2.597e+00	3.693e+00	2.460e+00	3.535e+00	2.460e+00	3.535e+00
14	1	2.649e+00	5.673e+00	2.649e+00	5.673e+00	2.649e+00	5.673e+00	2.173e+00	4.205e+00	2.173e+00	4.205e+00	2.093e+00	4.169e+00
14	2	3.532e+00	5.306e+00	3.009e+00	5.149e+00	2.756e+00	4.268e+00	2.294e+00	4.126e+00	2.162e+00	3.766e+00	2.162e+00	3.766e+00
14	3	3.422e+00	5.918e+00	2.283e+00	4.568e+00	2.283e+00	4.568e+00	2.023e+00	4.164e+00	2.023e+00	4.164e+00	2.004e+00	3.905e+00
14	4	4.923e+00	5.521e+00	4.393e+00	4.468e+00	2.897e+00	4.204e+00	2.712e+00	4.081e+00	2.712e+00	4.081e+00	2.185e+00	3.956e+00
14	5	3.006e+00	5.711e+00	2.793e+00	5.635e+00	1.870e+00	4.869e+00	1.870e+00	4.869e+00	1.495e+00	4.742e+00	1.436e+00	4.400e+00
14	6	4.835e+00	5.633e+00	3.776e+00	4.733e+00	3.322e+00	4.288e+00	3.175e+00	4.079e+00	2.530e+00	3.657e+00	2.530e+00	3.657e+00
14	7	4.450e+00	6.030e+00	4.324e+00	5.651e+00	2.547e+00	3.894e+00	2.424e+00	3.804e+00	2.409e+00	3.754e+00	2.139e+00	3.737e+00
14	8	4.767e+00	5.656e+00	3.857e+00	5.014e+00	2.368e+00	4.231e+00	2.368e+00	4.231e+00	2.342e+00	4.094e+00	2.024e+00	3.973e+00
14	9	3.455e+00	5.468e+00	3.242e+00	4.715e+00	3.158e+00	4.435e+00	3.041e+00	4.135e+00	2.303e+00	3.909e+00	2.175e+00	3.829e+00
14	10	4.897e+00	5.231e+00	4.356e+00	4.373e+00	3.542e+00	3.672e+00	3.334e+00	3.648e+00	3.253e+00	3.438e+00	2.622e+00	3.280e+00
14	11	3.308e+00	4.867e+00	3.060e+00	4.457e+00	2.995e+00	4.422e+00	2.995e+00	4.422e+00	2.957e+00	3.982e+00	2.839e+00	3.462e+00
14	12	4.248e+00	5.691e+00	3.002e+00	4.901e+00	2.290e+00	4.641e+00	2.290e+00	4.641e+00	2.167e+00	4.453e+00	2.081e+00	4.072e+00
14	13	4.420e+00	5.342e+00	2.866e+00	4.725e+00	2.559e+00	4.466e+00	2.559e+00	4.466e+00	2.182e+00	4.405e+00	2.176e+00	3.924e+00
14	14	3.298e+00	4.528e+00	2.796e+00	4.449e+00	2.265e+00	4.288e+00	2.199e+00	4.274e+00	2.037e+00	4.233e+00	2.037e+00	4.233e+00
14	15	4.467e+00	5.440e+00	3.559e+00	4.616e+00	3.026e+00	4.554e+00	3.026e+00	4.554e+00	2.667e+00	3.902e+00	2.542e+00	3.563e+00
14	16	3.182e+00	4.180e+00	3.045e+00	3.905e+00	3.045e+00	3.905e+00	2.855e+00	3.721e+00	2.715e+00	3.409e+00	2.579e+00	3.391e+00
14	17	4.810e+00	5.475e+00	3.932e+00	4.883e+00	3.486e+00	4.353e+00	3.486e+00	4.353e+00	2.418e+00	3.532e+00	2.418e+00	3.532e+00
14	18	4.964e+00	6.123e+00	2.946e+00	5.543e+00	2.594e+00	4.125e+00	2.594e+00	4.125e+00	2.471e+00	3.921e+00	2.445e+00	3.506e+00
14	19	4.304e+00	4.371e+00	3.678e+00	4.126e+00	3.453e+00	3.760e+00	3.077e+00	3.556e+00	3.062e+00	3.350e+00	2.767e+00	3.251e+00
14	20	4.279e+00	5.206e+00	3.165e+00	4.155e+00	2.797e+00	3.048e+00	2.797e+00	3.048e+00	2.797e+00	3.048e+00	2.797e+00	3.048e+00
15	0	4.081e+00	5.197e+00	3.246e+00	4.317e+00	3.116e+00	3.739e+00	3.116e+00	3.739e+00	2.654e+00	3.725e+00	2.654e+00	3.725e+00
15	1	4.669e+00	4.828e+00	4.026e+00	4.014e+00	3.745e+00	3.582e+00	3.491e+00	3.470e+00	3.086e+00	3.456e+00	2.659e+00	3.323e+00
15	2	4.048e+00	5.260e+00	3.375e+00	4.425e+00	2.985e+00	3.779e+00	2.604e+00	3.647e+00	2.604e+00	3.647e+00	2.333e+00	3.461e+00
15	3	3.676e+00	5.541e+00	2.752e+00	4.269e+00	2.752e+00	4.269e+00	2.752e+00	4.269e+00	2.632e+00	4.202e+00	2.158e+00	4.107e+00
15	4	4.481e+00	5.067e+00	4.136e+00	5.047e+00	3.746e+00	3.815e+00	3.746e+00	3.815e+00	2.287e+00	3.635e+00	2.287e+00	3.635e+00
15	5	3.651e+00	5.589e+00	3.481e+00	4.973e+00	2.676e+00	4.328e+00	2.416e+00	4.147e+00	2.416e+00	4.147e+00	1.826e+00	4.011e+00
15	6	5.585e+00	5.850e+00	4.583e+00	4.544e+00	2.848e+00	3.809e+00	2.687e+00	3.384e+00	2.687e+00	3.384e+00	2.687e+00	3.384e+00
15	7	4.168e+00	5.060e+00	3.842e+00	4.558e+00	2.618e+00	4.026e+00	2.618e+00	4.026e+00	2.236e+00	3.838e+00	2.236e+00	3.838e+00
15	8	4.731e+00	5.944e+00	4.069e+00	4.865e+00	3.857e+00	4.222e+00	3.071e+00	4.002e+00	2.386e+00	4.002e+00	2.229e+00	3.665e+00
15	9	4.387e+00	5.902e+00	3.424e+00	4.153e+00	3.076e+00	3.851e+00	2.860e+00	3.765e+00	2.574e+00	3.713e+00	2.370e+00	3.669e+00
15	10	4.528e+00	5.310e+00	4.151e+00	4.840e+00	3.589e+00	3.972e+00	3.385e+00	3.814e+00	3.177e+00	3.416e+00	3.007e+00	3.042e+00
15	11	4.910e+00	4.970e+00	3.616e+00	4.513e+00	3.314e+00	4.333e+00	2.795e+00	4.063e+00	2.637e+00	3.995e+00	2.535e+00	3.509e+00
15	12	4.893e+00	5.356e+00	3.469e+00	4.612e+00	3.041e+00	4.137e+00	2.898e+00	4.128e+00	2.494e+00	3.770e+00	2.494e+00	3.770e+00
15	13	3.738e+00	5.914e+00	3.231e+00	5.219e+00	3.081e+00	4.766e+00	2.585e+00	4.711e+00	2.071e+00	4.539e+00	1.893e+00	4.211e+00
15	14	3.754e+00	5.148e+00	3.101e+00	4.344e+00	2.824e+00	4.073e+00	2.790e+00	3.989e+00	2.790e+00	3.989e+00	2.588e+00	3.379e+00
15	15	4.370e+00	5.420e+00	3.369e+00	4.290e+00	3.369e+00	4.290e+00	3.277e+00	4.102e+00	2.297e+00	3.773e+00	2.228e+00	3.637e+00
15	16	3.961e+00	6.181e+00	2.978e+00	4.461e+00	2.740e+00	4.130e+00	2.384e+00	3.812e+00	2.112e+00	3.802e+00	2.112e+00	3.802e+00
15	17	3.992e+00	4.592e+00	2.560e+00	4.177e+00	2.560e+00	4.177e+00	2.360e+00	4.093e+00	2.360e+00	4.093e+00	2.123e+00	3.780e+00
15	18	3.250e+00	5.590e+00	3.035e+00	3.846e+00	2.798e+00	3.732e+00	2.633e+00	3.710e+00	2.567e+00	3.516e+00	2.342e+00	3.383e+00
15	19	4.836e+00	4.616e+00	2.657e+00	3.751e+00	2.657e+00	3.751e+00	2.521e+00	3.668e+00	2.489e+00	3.534e+00	2.452e+00	3.424e+00
15	20	4.042e+00	6.423e+00	3.846e+00	4.779e+00	2.911e+00	3.721e+00	2.748e+00	3.666e+00	2.748e+00	3.666e+00	2.684e+00	3.628e+00
16	0	4.005e+00	5.625e+00	2.949e+00	4.601e+00	2.758e+00	4.079e+00	2.758e+00	4.079e+00	2.554e+00	3.596e+00	2.491e+00	3.568e+00
16	1	3.689e+00	4.674e+00	3.124e+00	4.076e+00	3.002e+00	3.577e+00	3.002e+00	3.577e+00	3.002e+00	3.577e+00	2.690e+00	3.531e+00
16	2	4.830e+00	5.878e+00	3.072e+00	4.601e+00	2.793e+00	3.842e+00	2.793e+00	3.842e+00	2.563e+00	3.655e+00	2.563e+00	3.655e+00
16	3	4.047e+00	3.882e+00	3.248e+00	3.556e+00	3.008e+00	3.423e+00	3.008e+00	3.423e+00	2.867e+00	3.409e+00	2.863e+00	3.309e+00
16	4	4.171e+00	5.706e+00	3.713e+00	4.742e+00	2.861e+00	4.425e+00	2.747e+00	4.181e+00	2.626e+00	4.151e+00	2.401e+00	3.940e+00
16	5	4.882e+00	5.958e+00	3.827e+00	4.265e+00	3.827e+00	4.265e+00	3.822e+00	4.121e+00	3.256e+00	3.431e+00	3.117e+00	3.072e+00
16	6	4.379e+00	4.853e+00	3.940e+00	4.423e+00	3.940e+00	4.423e+00	3.746e+00	3.118e+00	3.373e+00	2.775e+00	3.373e+00	2.775e+00
16	7	3.804e+00	5.293e+00	3.558e+00	4.515e+00	3.336e+00	3.960e+00	3.122e+00	3.924e+00	3.122e+00	3.924e+00	2.525e+00	3.333e+00
16	8	3.691e+00	4.739e+00	3.270e+00	4.550e+00	3.270e+00	4.550e+00	3.012e+00	4.367e+00	2.902e+00	3.788e+00	2.786e+00	3.177e+00
16	9	4.292e+00	5.330e+00	3.911e+00	4.212e+00	3.020e+00	3.680e+00	3.020e+00	3.680e+00	3.020e+00	3.680e+00	2.918e+00	3.253e+00
16	10	3.992e+00	5.646e+00	3.379e+00	4.820e+00	3.111e+00	4.387e+00	2.830e+00	3.980e+00	2.613e+00	3.585e+00	2.613e+00	3.585e+00
16	11	3.613e+00	4.705e+00	3.613e+00	4.705e+00	3.510e+00	4.487e+00	2.822e+00	4.453e+00	2.624e+00	4.055e+00	2.190e+00	3.701e+00
16	12	3.806e+00	5.510e+00	3.460e+00	5.040e+00	2.251e+00	4.478e+00	2.220e+00	4.292e+00	2.220e+00	4.292e+00	1.890e+00	4.116e+00
16	13	4.213e+00	4.522e+00	4.213e+00	4.522e+00	3.972e+00	3.515e+00	3.165e+00	3.179e+00	3.165e+00	3.179e+00	3.056e+00	2.844e+00
16	14	4.386e+00	5.446e+00	2.982e+00	5.268e+00	2.151e+00	4.872e+00	2.151e+00	4.872e+00	1.681e+00	4.844e+00	1.681e+00	4.844e+00
16	15	3.606e+00	4.989e+00	2.950e+00	4.093e+00	2.891e+00	3.954e+00	2.351e+00	3.752e+00	2.351e+00	3.752e+00	2.351e+00	3.752e+00
16	16	4.113e+00	4.900e+00	3.735e+00	3.919e+00	3.657e+00	3.220e+00	3.370e+00	3.048e+00	3.365e+00	3.020e+00	3.053e+00	2.968e+00
16	17	3.589e+00	4.286e+00	2.920e+00	3.461e+00	2.920e+00	3.461e+00	2.920e+00	3.461e+00	2.870e+00	3.119e+00	2.843e+00	3.089e+00
16	18	4.183e+00	5.179e+00	3.588e+00	3.906e+00	3.588e+00	3.906e+00	3.408e+00	3.378e+00	3.222e+00	3.072e+00	3.212e+00	2.739e+00
16	19	4.839e+00	5.360e+00	3.397e+00	3.831e+00	3.397e+00	3.831e+00	3.124e+00	3.514e+00	2.989e+00	3.441e+00	2.724e+00	3.298e+00
16	20	4.784e+00	5.568e+00	4.002e+00	5.108e+00	2.428e+00	4.476e+00	2.354e+00	4.251e+00	2.354e+00	4.251e+00	2.078e+00	3.795e+00
17	0	4.268e+00	5.080e+00	3.836e+00	4.085e+00	3.352e+00	3.786e+00	3.344e+00	3.312e+00	3.344e+00	3.312e+00	3.254e+00	3.264e+00
17	1	3.978e+00	5.171e+00	3.558e+00	4.543e+00	2.483e+00	3.867e+00	2.424e+00	3.841e+00	2.424e+00	3.841e+00	2.215e+00	3.750e+00
17	2	3.998e+00	4.338e+00	3.619e+00	3.721e+00	3.199e+00	3.588e+00	3.199e+00	3.588e+00	2.999e+00	3.298e+00	2.715e+00	3.224e+00
17	3	3.802e+00	4.326e+00	3.802e+00	4.326e+00	2.655e+00	3.823e+00	2.655e+00	3.823e+00	2.537e+00	3.734e+00	2.521e+00	3.488e+00
17	4	4.841e+00	5.873e+00	2.745e+00	4.472e+00	2.244e+00	4.090e+00	2.244e+00	4.090e+00	2.103e+00	4.034e+00	1.879e+00	3.979e+00
17	5	4.105e+00	5.626e+00	2.994e+00	4.274e+00	2.992e+00	3.914e+00	2.633e+00	3.513e+00	2.633e+00	3.513e+00	2.563e+00	3.435e+00
17	6	3.205e+00	4.304e+00	3.205e+00	4.304e+00	2.608e+00	4.269e+00	2.469e+00	4.150e+00	2.469e+00	4.150e+00	2.253e+00	3.748e+00
17	7	2.823e+00	4.776e+00	2.823e+00	4.776e+00	2.694e+00	4.366e+00	2.694e+00	4.366e+00	2.221e+00	3.999e+00	2.221e+00	3.999e+00
17	8	4.282e+00	4.500e+00	3.650e+00	3.709e+00	3.343e+00	3.426e+00	3.236e+00	3.366e+00	3.112e+00	3.348e+00	2.681e+00	3.309e+00
17	9	4.575e+00	5.066e+00	3.785e+00	4.445e+00	3.785e+00	4.445e+00	2.976e+00	3.562e+00	2.844e+00	3.437e+00	2.811e+00	3.084e+00
17	10	4.668e+00	4.553e+00	4.335e+00	4.230e+00	4.207e+00	4.217e+00	3.199e+00	4.105e+00	2.514e+00	3.608e+00	2.514e+00	3.608e+00
17	11	3.314e+00	5.133e+00	2.996e+00	4.175e+00	2.563e+00	4.088e+00	2.563e+00	4.088e+00	2.497e+00	3.893e+00	2.398e+00	3.510e+00
17	12	4.757e+00	5.492e+00	3.574e+00	5.470e+00	2.208e+00	5.248e+00	1.869e+00	4.634e+00	1.540e+00	4.629e+00	1.499e+00	4.590e+00
17	13	4.358e+00	5.052e+00	3.332e+00	3.875e+00	3.188e+00	2.908e+00	3.188e+00	2.908e+00	3.188e+00	2.908e+00	3.188e+00	2.908e+00
17	14	4.763e+00	5.410e+00	3.605e+00	3.917e+00	3.218e+00	3.176e+00	3.218e+00	3.176e+00	3.211e+00	2.860e+00	3.211e+00	2.860e+00
17	15	4.123e+00	4.713e+00	3.399e+00	4.367e+00	3.399e+00	4.367e+00	3.359e+00	3.932e+00	2.697e+00	3.411e+00	2.697e+00	3.411e+00
17	16	3.959e+00	5.238e+00	2.917e+00	4.131e+00	2.917e+00	4.131e+00	2.186e+00	3.892e+00	2.186e+00	3.892e+00	2.186e+00	3.892e+00
17	17	4.417e+00	6.010e+00	3.512e+00	5.367e+00	3.512e+00	5.367e+00	3.190e+00	3.445e+00	3.190e+00	3.445e+00	2.956e+00	2.982e+00
17	18	3.463e+00	5.125e+00	3.280e+00	3.949e+00	2.836e+00	3.906e+00	2.836e+00	3.906e+00	2.750e+00	3.443e+00	2.750e+00	3.443e+00
17	19	4.178e+00	5.199e+00	3.773e+00	4.988e+00	3.154e+00	4.431e+00	2.967e+00	3.757e+00	2.355e+00	3.715e+00	2.211e+00	3.637e+00
17	20	4.085e+00	5.067e+00	4.071e+00	4.622e+00	3.268e+00	3.689e+00	2.933e+00	3.419e+00	2.837e+00	3.308e+00	2.837e+00	3.308e+00
18	0	3.914e+00	4.755e+00	3.622e+00	3.990e+00	3.622e+00	3.990e+00	3.117e+00	3.952e+00	2.789e+00	3.669e+00	2.592e+00	3.555e+00
18	1	4.739e+00	4.871e+00	4.687e+00	4.463e+00	3.165e+00	3.524e+00	3.121e+00	3.318e+00	2.904e+00	3.098e+00	2.904e+00	3.098e+00
18	2	4.710e+00	4.953e+00	3.509e+00	4.625e+00	3.153e+00	4.202e+00	2.554e+00	3.754e+00	2.427e+00	3.579e+00	2.388e+00	3.541e+00
18	3	4.807e+00	4.795e+00	3.786e+00	3.788e+00	3.786e+00	3.788e+00	2.816e+00	3.751e+00	2.816e+00	3.751e+00	2.755e+00	3.318e+00
18	4	2.757e+00	4.635e+00	2.567e+00	4.543e+00	2.567e+00	4.543e+00	2.527e+00	4.119e+00	2.460e+00	3.555e+00	2.460e+00	3.555e+00
18	5	3.299e+00	5.199e+00	3.299e+00	5.199e+00	2.589e+00	4.652e+00	2.182e+00	4.397e+00	1.944e+00	4.016e+00	1.944e+00	4.016e+00
18	6	4.514e+00	5.067e+00	3.813e+00	4.455e+00	3.135e+00	3.717e+00	2.749e+00	3.424e+00	2.749e+00	3.424e+00	2.619e+00	3.372e+00
18	7	4.232e+00	5.071e+00	3.984e+00	4.868e+00	2.592e+00	4.194e+00	2.196e+00	4.056e+00	2.196e+00	4.056e+00	2.048e+00	4.039e+00
18	8	3.617e+00	5.347e+00	3.353e+00	5.249e+00	2.002e+00	4.487e+00	2.002e+00	4.487e+00	1.915e+00	4.430e+00	1.915e+00	4.430e+00
18	9	4.352e+00	4.789e+00	3.413e+00	4.041e+00	3.224e+00	3.920e+00	2.736e+00	3.852e+00	2.259e+00	3.687e+00	2.259e+00	3.687e+00
18	10	2.669e+00	5.480e+00	2.579e+00	5.164e+00	2.168e+00	4.382e+00	2.168e+00	4.382e+00	2.140e+00	4.285e+00	1.852e+00	4.062e+00
18	11	3.504e+00	5.355e+00	3.144e+00	5.102e+00	2.487e+00	4.769e+00	2.032e+00	4.654e+00	1.723e+00	4.441e+00	1.714e+00	4.302e+00
18	12	4.759e+00	5.585e+00	4.129e+00	4.261e+00	3.530e+00	3.791e+00	3.319e+00	2.987e+00	3.298e+00	2.905e+00	2.970e+00	2.905e+00
18	13	4.497e+00	4.527e+00	3.983e+00	4.218e+00	3.904e+00	4.218e+00	2.811e+00	3.569e+00	2.496e+00	3.476e+00	2.496e+00	3.476e+00
18	14	3.348e+00	5.347e+00	3.315e+00	4.065e+00	3.315e+00	4.065e+00	3.315e+00	4.065e+00	2.973e+00	3.340e+00	2.904e+00	2.992e+00
18	15	4.684e+00	5.917e+00	4.049e+00	5.249e+00	3.291e+00	4.570e+00	3.012e+00	3.137e+00	3.012e+00	3.137e+00	2.956e+00	3.013e+00
18	16	4.545e+00	4.833e+00	4.345e+00	4.221e+00	3.555e+00	4.078e+00	2.379e+00	3.642e+00	2.379e+00	3.642e+00	2.242e+00	3.616e+00
18	17	4.201e+00	4.931e+00	3.752e+00	4.724e+00	3.752e+00	4.724e+00	3.140e+00	3.497e+00	2.852e+00	3.174e+00	2.845e+00	3.156e+00
18	18	4.547e+00	4.755e+00	4.012e+00	4.267e+00	3.579e+00	4.237e+00	3.106e+00	3.743e+00	2.860e+00	3.303e+00	2.694e+00	3.079e+00
18	19	4.334e+00	5.808e+00	3.476e+00	4.407e+00	2.775e+00	3.566e+00	2.775e+00	3.566e+00	2.775e+00	3.566e+00	2.736e+00	3.424e+00
18	20	3.455e+00	4.136e+00	2.950e+00	3.827e+00	2.950e+00	3.827e+00	2.926e+00	3.521e+00	2.926e+00	3.521e+00	2.683e+00	3.216e+00
19	0	3.391e+00	4.770e+00	3.391e+00	4.770e+00	2.927e+00	4.743e+00	2.927e+00	4.743e+00	2.512e+00	3.881e+00	2.282e+00	3.862e+00
19	1	3.868e+00	4.561e+00	3.868e+00	4.561e+00	2.722e+00	3.813e+00	2.436e+00	3.663e+00	2.436e+00	3.663e+00	2.436e+00	3.663e+00
19	2	3.463e+00	5.290e+00	3.289e+00	4.520e+00	2.929e+00	4.443e+00	2.756e+00	3.647e+00	2.509e+00	3.574e+00	2.509e+00	3.574e+00
19	3	4.542e+00	5.684e+00	3.110e+00	4.601e+00	2.645e+00	4.155e+00	2.332e+00	3.764e+00	2.332e+00	3.764e+00	2.259e+00	3.713e+00
19	4	4.171e+00	5.347e+00	3.435e+00	4.217e+00	3.011e+00	4.070e+00	3.011e+00	4.070e+00	3.002e+00	3.875e+00	2.549e+00	3.377e+00
19	5	4.175e+00	4.597e+00	3.682e+00	4.384e+00	3.464e+00	3.882e+00	3.353e+00	3.379e+00	3.115e+00	3.186e+00	2.784e+00	2.923e+00
19	6	3.801e+00	5.584e+00	3.274e+00	4.168e+00	2.867e+00	3.784e+00	2.867e+00	3.784e+00	2.843e+00	3.445e+00	2.653e+00	3.170e+00
19	7	4.029e+00	4.722e+00	3.499e+00	4.522e+00	3.296e+00	4.359e+00	3.100e+00	4.106e+00	2.543e+00	3.481e+00	2.543e+00	3.481e+00
19	8	4.366e+00	5.312e+00	3.997e+00	4.034e+00	3.990e+00	3.508e+00	3.731e+00	3.228e+00	3.114e+00	2.909e+00	3.058e+00	2.859e+00
19	9	3.966e+00	5.362e+00	3.522e+00	4.575e+00	2.798e+00	4.041e+00	2.677e+00	3.850e+00	2.677e+00	3.850e+00	2.457e+00	3.454e+00
19	10	3.696e+00	5.467e+00	3.380e+00	4.751e+00	3.191e+00	4.206e+00	2.701e+00	4.048e+00	2.651e+00	3.965e+00	2.375e+00	3.667e+00
19	11	3.953e+00	4.025e+00	3.724e+00	3.968e+00	3.394e+00	3.790e+00	3.394e+00	3.790e+00	3.387e+00	3.574e+00	3.029e+00	3.417e+00
19	12	4.356e+00	5.364e+00	4.237e+00	4.940e+00	2.605e+00	4.278e+00	2.550e+00	4.106e+00	2.342e+00	3.886e+00	2.253e+00	3.694e+00
19	13	4.372e+00	5.334e+00	3.258e+00	4.129e+00	2.941e+00	3.972e+00	2.941e+00	3.972e+00	2.658e+00	3.651e+00	2.623e+00	3.633e+00
19	14	4.531e+00	5.894e+00	4.523e+00	5.852e+00	3.299e+00	3.895e+00	2.928e+00	3.748e+00	2.928e+00	3.748e+00	2.634e+00	3.444e+00
19	15	3.326e+00	4.902e+00	2.990e+00	4.344e+00	2.986e+00	4.082e+00	2.388e+00	4.041e+00	2.388e+00	4.041e+00	2.225e+00	4.021e+00
19	16	3.358e+00	4.955e+00	3.358e+00	4.955e+00	2.828e+00	3.270e+00	2.828e+00	3.270e+00	2.828e+00	3.270e+00	2.828e+00	3.270e+00
19	17	3.455e+00	5.207e+00	2.475e+00	5.007e+00	2.225e+00	4.957e+00	2.204e+00	4.760e+00	2.115e+00	4.456e+00	1.964e+00	4.066e+00
19	18	4.261e+00	5.595e+00	3.863e+00	5.450e+00	2.359e+00	4.696e+00	2.269e+00	4.542e+00	1.762e+00	4.448e+00	1.762e+00	4.448e+00
19	19	3.207e+00	4.937e+00	3.207e+00	4.937e+00	2.826e+00	4.265e+00	2.826e+00	4.265e+00	2.668e+00	3.786e+00	2.365e+00	3.719e+00
19	20	4.162e+00	4.767e+00	3.506e+00	4.342e+00	3.197e+00	3.736e+00	3.106e+00	3.682e+00	3.106e+00	3.682e+00	2.844e+00	3.206e+00
20	0	4.382e+00	4.588e+00	3.964e+00	4.413e+00	3.388e+00	3.584e+00	3.375e+00	2.939e+00	3.372e+00	2.757e+00	3.289e+00	2.681e+00
20	1	4.195e+00	5.580e+00	3.245e+00	4.114e+00	3.218e+00	3.811e+00	2.673e+00	3.598e+00	2.673e+00	3.598e+00	2.667e+00	3.566e+00
20	2	3.857e+00	5.684e+00	3.679e+00	5.157e+00	3.050e+00	4.145e+00	3.008e+00	3.432e+00	2.843e+00	3.288e+00	2.843e+00	3.288e+00
20	3	3.681e+00	4.591e+00	3.628e+00	4.465e+00	3.332e+00	3.920e+00	3.035e+00	3.907e+00	2.709e+00	3.451e+00	2.687e+00	3.378e+00
20	4	4.406e+00	5.973e+00	3.689e+00	5.172e+00	2.377e+00	4.152e+00	2.377e+00	4.152e+00	2.005e+00	4.085e+00	2.005e+00	4.085e+00
20	5	4.661e+00	5.185e+00	4.282e+00	4.193e+00	4.036e+00	3.627e+00	4.036e+00	3.627e+00	2.697e+00	3.021e+00	2.697e+00	3.021e+00
20	6	4.657e+00	6.006e+00	2.828e+00	3.993e+00	2.828e+00	3.993e+00	2.782e+00	3.408e+00	2.782e+00	3.408e+00	2.683e+00	3.405e+00
20	7	3.296e+00	4.725e+00	3.296e+00	4.725e+00	2.247e+00	4.003e+00	2.247e+00	4.003e+00	2.247e+00	4.003e+00	2.117e+00	3.724e+00
20	8	4.196e+00	5.682e+00	3.817e+00	4.909e+00	3.357e+00	4.220e+00	3.351e+00	3.511e+00	3.094e+00	3.153e+00	3.000e+00	2.985e+00
20	9	3.755e+00	4.036e+00	3.355e+00	4.016e+00	3.252e+00	3.570e+00	3.252e+00	3.570e+00	3.055e+00	3.151e+00	2.868e+00	2.994e+00
20	10	3.769e+00	3.879e+00	3.769e+00	3.879e+00	3.769e+00	3.879e+00	3.335e+00	3.736e+00	3.143e+00	3.105e+00	2.925e+00	3.071e+00
20	11	2.856e+00	4.750e+00	2.775e+00	4.563e+00	2.775e+00	4.563e+00	2.523e+00	4.314e+00	2.363e+00	3.896e+00	2.363e+00	3.896e+00
20	12	3.224e+00	5.333e+00	3.022e+00	4.590e+00	3.022e+00	4.590e+00	2.587e+00	4.105e+00	2.518e+00	3.968e+00	2.342e+00	3.587e+00
20	13	4.591e+00	5.170e+00	4.082e+00	4.780e+00	3.400e+00	3.818e+00	3.400e+00	3.818e+00	2.970e+00	3.285e+00	2.970e+00	3.285e+00
20	14	4.533e+00	5.495e+00	4.462e+00	5.381e+00	4.462e+00	5.381e+00	2.981e+00	3.796e+00	2.831e+00	3.507e+00	2.831e+00	3.507e+00
20	15	4.653e+00	5.184e+00	3.295e+00	4.905e+00	2.765e+00	3.838e+00	2.765e+00	3.838e+00	2.520e+00	3.792e+00	2.506e+00	3.755e+00
20	16	3.983e+00	5.223e+00	3.093e+00	4.184e+00	2.932e+00	4.013e+00	2.932e+00	4.013e+00	2.637e+00	3.372e+00	2.615e+00	3.321e+00
20	17	4.370e+00	4.352e+00	4.312e+00	4.193e+00	3.640e+00	3.679e+00	2.919e+00	3.367e+00	2.919e+00	3.367e+00	2.851e+00	2.942e+00
20	18	4.485e+00	4.613e+00	3.810e+00	4.020e+00	3.058e+00	3.822e+00	2.808e+00	3.771e+00	2.594e+00	3.726e+00	2.490e+00	3.293e+00
20	19	4.174e+00	4.942e+00	3.864e+00	4.666e+00	3.864e+00	4.666e+00	3.101e+00	3.517e+00	3.101e+00	3.517e+00	2.711e+00	3.099e+00
20	20	4.466e+00	5.095e+00	4.168e+00	4.907e+00	3.361e+00	4.363e+00	2.569e+00	3.857e+00	2.404e+00	3.837e+00	2.389e+00	3.747e+00
