x	y	0.fitness.0.	0.fitness.1.	5000.fitness.0.	5000.fitness.1.	10000.fitness.0.	10000.fitness.1.	15000.fitness.0.	15000.fitness.1.	25000.fitness.0.	25000.fitness.1.	50000.fitness.0.	50000.fitness.1.
0	0	9.080e-01	8.840e-01	8.960e-01	8.720e-01	8.640e-01	8.600e-01	8.640e-01	8.560e-01	8.280e-01	8.160e-01	8.040e-01	7.680e-01
0	1	8.680e-01	9.200e-01	8.600e-01	9.000e-01	8.400e-01	8.680e-01	8.280e-01	8.520e-01	8.200e-01	8.280e-01	7.720e-01	7.840e-01
0	2	8.680e-01	8.920e-01	8.680e-01	8.880e-01	8.280e-01	8.680e-01	8.240e-01	8.680e-01	8.160e-01	8.360e-01	7.720e-01	7.640e-01
0	3	9.040e-01	8.880e-01	9.000e-01	8.720e-01	8.760e-01	8.400e-01	8.640e-01	8.360e-01	8.400e-01	8.200e-01	7.760e-01	7.920e-01
0	4	8.800e-01	9.160e-01	8.800e-01	9.000e-01	8.760e-01	8.880e-01	8.400e-01	8.520e-01	8.280e-01	8.280e-01	7.880e-01	7.600e-01
0	5	9.000e-01	8.920e-01	8.920e-01	8.560e-01	8.920e-01	8.560e-01	8.720e-01	8.480e-01	8.200e-01	8.200e-01	7.320e-01	7.880e-01
0	6	8.920e-01	8.680e-01	8.920e-01	8.640e-01	8.840e-01	8.640e-01	8.800e-01	8.600e-01	8.680e-01	8.480e-01	7.160e-01	7.600e-01
0	7	9.120e-01	9.320e-01	9.000e-01	9.120e-01	8.600e-01	8.680e-01	8.600e-01	8.600e-01	8.440e-01	8.240e-01	7.800e-01	7.600e-01
0	8	9.160e-01	9.120e-01	8.800e-01	8.840e-01	8.720e-01	8.720e-01	8.640e-01	8.360e-01	8.520e-01	8.240e-01	7.840e-01	8.120e-01
0	9	8.640e-01	8.920e-01	8.640e-01	8.920e-01	8.600e-01	8.920e-01	8.160e-01	8.800e-01	8.040e-01	8.680e-01	7.680e-01	8.120e-01
0	10	8.800e-01	9.000e-01	8.560e-01	8.880e-01	8.520e-01	8.600e-01	8.520e-01	8.600e-01	8.240e-01	8.240e-01	7.680e-01	7.640e-01
0	11	8.880e-01	8.920e-01	8.840e-01	8.840e-01	8.520e-01	8.840e-01	8.480e-01	8.840e-01	8.320e-01	8.640e-01	7.560e-01	7.920e-01
0	12	8.880e-01	8.920e-01	8.720e-01	8.800e-01	8.440e-01	8.440e-01	8.400e-01	8.440e-01	8.360e-01	8.440e-01	7.600e-01	7.960e-01
0	13	8.880e-01	8.920e-01	8.520e-01	8.800e-01	8.480e-01	8.800e-01	8.360e-01	8.320e-01	8.320e-01	8.320e-01	7.560e-01	7.680e-01
0	14	8.760e-01	8.880e-01	8.760e-01	8.880e-01	8.720e-01	8.680e-01	8.360e-01	8.280e-01	8.280e-01	8.240e-01	7.520e-01	7.640e-01
0	15	9.120e-01	9.200e-01	8.640e-01	9.080e-01	8.640e-01	9.040e-01	8.520e-01	9.000e-01	8.320e-01	8.320e-01	7.760e-01	7.560e-01
0	16	9.120e-01	9.200e-01	8.600e-01	8.920e-01	8.600e-01	8.880e-01	8.520e-01	8.880e-01	8.360e-01	8.480e-01	7.880e-01	7.760e-01
0	17	8.960e-01	9.120e-01	8.760e-01	8.800e-01	8.640e-01	8.600e-01	8.520e-01	8.360e-01	8.520e-01	8.120e-01	7.760e-01	7.440e-01
0	18	9.040e-01	9.080e-01	9.040e-01	9.000e-01	8.640e-01	8.480e-01	8.640e-01	8.480e-01	8.360e-01	8.240e-01	7.920e-01	7.360e-01
0	19	8.960e-01	8.880e-01	8.800e-01	8.800e-01	8.680e-01	8.520e-01	8.640e-01	8.480e-01	8.200e-01	8.080e-01	7.600e-01	7.600e-01
0	20	8.880e-01	9.000e-01	8.560e-01	8.800e-01	8.560e-01	8.800e-01	8.480e-01	8.800e-01	8.440e-01	8.120e-01	8.080e-01	7.560e-01
1	0	9.160e-01	8.760e-01	8.920e-01	8.640e-01	8.840e-01	8.640e-01	8.520e-01	8.640e-01	8.280e-01	8.640e-01	7.800e-01	7.840e-01
1	1	8.760e-01	8.920e-01	8.680e-01	8.920e-01	8.480e-01	8.800e-01	8.440e-01	8.800e-01	8.040e-01	8.280e-01	7.800e-01	7.720e-01
1	2	8.880e-01	9.120e-01	8.880e-01	9.040e-01	8.520e-01	8.960e-01	8.320e-01	8.720e-01	8.000e-01	8.480e-01	7.640e-01	8.040e-01
1	3	8.880e-01	8.880e-01	8.840e-01	8.840e-01	8.640e-01	8.640e-01	8.160e-01	8.440e-01	8.120e-01	8.360e-01	7.760e-01	7.760e-01
1	4	8.920e-01	8.920e-01	8.760e-01	8.840e-01	8.760e-01	8.840e-01	8.640e-01	8.640e-01	8.240e-01	8.480e-01	7.280e-01	7.800e-01
1	5	8.400e-01	8.920e-01	8.320e-01	8.920e-01	8.160e-01	8.720e-01	8.160e-01	8.720e-01	8.120e-01	8.720e-01	7.440e-01	7.640e-01
1	6	8.880e-01	9.400e-01	8.640e-01	8.720e-01	8.520e-01	8.720e-01	8.320e-01	8.680e-01	8.120e-01	8.600e-01	7.520e-01	7.840e-01
1	7	9.280e-01	8.840e-01	8.960e-01	8.720e-01	8.760e-01	8.720e-01	8.080e-01	8.640e-01	7.840e-01	8.320e-01	7.640e-01	7.800e-01
1	8	8.840e-01	9.040e-01	8.720e-01	8.760e-01	8.640e-01	8.680e-01	8.440e-01	8.600e-01	8.280e-01	8.400e-01	7.480e-01	7.800e-01
1	9	8.760e-01	8.720e-01	8.560e-01	8.600e-01	8.560e-01	8.600e-01	8.560e-01	8.560e-01	8.240e-01	8.440e-01	7.720e-01	7.520e-01
1	10	9.040e-01	8.720e-01	8.720e-01	8.640e-01	8.680e-01	8.600e-01	8.680e-01	8.560e-01	8.160e-01	8.280e-01	7.640e-01	7.920e-01
1	11	8.920e-01	8.960e-01	8.800e-01	8.760e-01	8.720e-01	8.520e-01	8.720e-01	8.360e-01	8.400e-01	8.200e-01	7.960e-01	7.640e-01
1	12	9.080e-01	9.200e-01	8.520e-01	9.000e-01	8.400e-01	8.880e-01	8.360e-01	8.880e-01	8.160e-01	8.800e-01	7.320e-01	7.960e-01
1	13	9.000e-01	9.120e-01	8.680e-01	8.840e-01	8.640e-01	8.840e-01	8.600e-01	8.280e-01	8.400e-01	8.080e-01	8.200e-01	7.760e-01
1	14	8.880e-01	9.200e-01	8.840e-01	9.200e-01	8.800e-01	9.200e-01	8.240e-01	8.680e-01	8.240e-01	8.480e-01	7.560e-01	7.600e-01
1	15	9.080e-01	9.240e-01	9.040e-01	9.120e-01	9.000e-01	8.880e-01	8.800e-01	8.640e-01	8.480e-01	8.280e-01	7.560e-01	7.400e-01
1	16	8.840e-01	8.720e-01	8.760e-01	8.640e-01	8.680e-01	8.640e-01	8.640e-01	8.640e-01	8.320e-01	8.280e-01	7.520e-01	7.200e-01
1	17	8.920e-01	8.680e-01	8.920e-01	8.640e-01	8.840e-01	8.520e-01	8.800e-01	8.520e-01	8.560e-01	8.200e-01	8.040e-01	7.440e-01
1	18	9.280e-01	8.760e-01	9.280e-01	8.760e-01	8.920e-01	8.480e-01	8.760e-01	8.160e-01	8.400e-01	7.720e-01	7.880e-01	7.440e-01
1	19	9.080e-01	8.920e-01	8.680e-01	8.760e-01	8.680e-01	8.720e-01	8.640e-01	8.280e-01	8.240e-01	7.640e-01	7.960e-01	7.320e-01
1	20	8.720e-01	8.880e-01	8.560e-01	8.800e-01	8.520e-01	8.560e-01	8.520e-01	8.520e-01	8.520e-01	8.000e-01	8.120e-01	7.080e-01
2	0	9.360e-01	8.800e-01	9.320e-01	8.760e-01	9.080e-01	8.760e-01	8.960e-01	8.680e-01	8.520e-01	8.120e-01	7.800e-01	7.920e-01
2	1	9.120e-01	8.920e-01	9.120e-01	8.920e-01	9.040e-01	8.800e-01	8.760e-01	8.200e-01	8.080e-01	8.080e-01	7.680e-01	7.920e-01
2	2	9.120e-01	8.880e-01	8.800e-01	8.760e-01	8.400e-01	8.680e-01	8.320e-01	8.640e-01	8.240e-01	8.360e-01	8.120e-01	7.960e-01
2	3	8.880e-01	8.880e-01	8.880e-01	8.880e-01	8.760e-01	8.480e-01	8.520e-01	8.440e-01	8.480e-01	8.320e-01	7.320e-01	7.960e-01
2	4	9.200e-01	9.280e-01	8.880e-01	8.680e-01	8.840e-01	8.680e-01	8.680e-01	8.640e-01	7.960e-01	8.400e-01	7.440e-01	7.920e-01
2	5	8.960e-01	9.080e-01	8.600e-01	8.880e-01	8.520e-01	8.840e-01	8.520e-01	8.760e-01	7.920e-01	8.200e-01	7.440e-01	7.680e-01
2	6	9.120e-01	9.000e-01	8.880e-01	8.800e-01	8.840e-01	8.760e-01	8.800e-01	8.160e-01	8.200e-01	8.040e-01	7.800e-01	7.680e-01
2	7	9.040e-01	9.360e-01	8.600e-01	9.080e-01	8.360e-01	8.840e-01	8.320e-01	8.840e-01	8.240e-01	8.840e-01	7.400e-01	7.800e-01
2	8	8.920e-01	9.080e-01	8.880e-01	8.560e-01	8.880e-01	8.480e-01	8.880e-01	8.480e-01	8.840e-01	8.400e-01	7.800e-01	7.560e-01
2	9	8.920e-01	8.840e-01	8.920e-01	8.560e-01	8.920e-01	8.520e-01	8.720e-01	8.400e-01	8.640e-01	8.400e-01	7.400e-01	7.360e-01
2	10	9.120e-01	9.080e-01	8.840e-01	8.640e-01	8.840e-01	8.640e-01	8.480e-01	8.560e-01	8.440e-01	8.560e-01	7.640e-01	7.520e-01
2	11	8.760e-01	9.120e-01	8.440e-01	9.000e-01	8.400e-01	8.960e-01	8.280e-01	8.960e-01	8.160e-01	8.400e-01	7.680e-01	7.480e-01
2	12	9.160e-01	8.880e-01	9.080e-01	8.880e-01	8.840e-01	8.720e-01	8.560e-01	8.520e-01	8.240e-01	7.960e-01	7.400e-01	7.600e-01
2	13	8.960e-01	9.040e-01	8.720e-01	9.000e-01	8.440e-01	9.000e-01	8.240e-01	8.240e-01	8.240e-01	8.240e-01	7.560e-01	7.560e-01
2	14	9.000e-01	9.240e-01	8.840e-01	8.920e-01	8.840e-01	8.680e-01	8.560e-01	8.400e-01	8.240e-01	8.360e-01	7.080e-01	7.840e-01
2	15	9.160e-01	8.920e-01	8.800e-01	8.800e-01	8.760e-01	8.680e-01	8.440e-01	8.640e-01	8.200e-01	8.440e-01	7.320e-01	7.840e-01
2	16	8.920e-01	9.040e-01	8.720e-01	8.640e-01	8.680e-01	8.440e-01	8.600e-01	8.280e-01	8.440e-01	7.920e-01	7.960e-01	7.440e-01
2	17	8.800e-01	9.200e-01	8.760e-01	9.160e-01	8.640e-01	8.920e-01	8.640e-01	8.920e-01	8.360e-01	7.880e-01	7.960e-01	7.560e-01
2	18	9.200e-01	8.800e-01	9.200e-01	8.800e-01	8.600e-01	8.440e-01	8.440e-01	8.200e-01	8.400e-01	8.120e-01	7.840e-01	7.240e-01
2	19	9.000e-01	9.280e-01	8.720e-01	9.240e-01	8.720e-01	9.240e-01	8.640e-01	8.600e-01	8.120e-01	7.960e-01	7.840e-01	7.600e-01
2	20	8.880e-01	9.080e-01	8.800e-01	9.080e-01	8.440e-01	8.840e-01	8.280e-01	8.320e-01	8.280e-01	8.200e-01	7.760e-01	7.800e-01
3	0	9.240e-01	8.920e-01	9.240e-01	8.920e-01	8.720e-01	8.480e-01	8.720e-01	8.320e-01	8.360e-01	8.080e-01	7.920e-01	7.640e-01
3	1	9.040e-01	9.000e-01	9.040e-01	9.000e-01	8.920e-01	8.760e-01	8.640e-01	8.000e-01	8.640e-01	7.960e-01	8.080e-01	7.240e-01
3	2	9.320e-01	8.880e-01	9.120e-01	8.840e-01	8.600e-01	8.640e-01	8.600e-01	8.600e-01	8.600e-01	8.240e-01	7.800e-01	7.960e-01
3	3	8.920e-01	9.440e-01	8.840e-01	8.760e-01	8.680e-01	8.680e-01	8.360e-01	8.520e-01	8.120e-01	8.520e-01	7.440e-01	7.920e-01
3	4	9.080e-01	9.040e-01	9.040e-01	9.000e-01	8.600e-01	8.480e-01	8.600e-01	8.480e-01	8.200e-01	8.400e-01	7.800e-01	7.560e-01
3	5	8.760e-01	9.240e-01	8.720e-01	9.160e-01	8.560e-01	8.960e-01	8.240e-01	8.840e-01	8.120e-01	8.800e-01	7.440e-01	7.840e-01
3	6	9.240e-01	8.920e-01	8.640e-01	8.680e-01	8.480e-01	8.640e-01	8.480e-01	8.560e-01	8.280e-01	8.320e-01	7.560e-01	7.800e-01
3	7	9.040e-01	8.480e-01	9.040e-01	8.480e-01	8.520e-01	8.320e-01	8.480e-01	8.320e-01	8.320e-01	8.000e-01	7.960e-01	7.520e-01
3	8	9.000e-01	9.000e-01	8.840e-01	8.600e-01	8.840e-01	8.520e-01	8.840e-01	8.480e-01	8.720e-01	8.160e-01	7.800e-01	7.400e-01
3	9	8.800e-01	9.000e-01	8.800e-01	9.000e-01	8.720e-01	8.840e-01	8.520e-01	8.720e-01	8.440e-01	8.280e-01	7.560e-01	7.480e-01
3	10	8.960e-01	9.080e-01	8.720e-01	9.040e-01	8.640e-01	8.960e-01	8.640e-01	8.920e-01	8.040e-01	8.440e-01	7.480e-01	7.840e-01
3	11	9.360e-01	8.800e-01	9.320e-01	8.760e-01	9.240e-01	8.760e-01	9.160e-01	8.640e-01	8.520e-01	8.360e-01	7.760e-01	7.240e-01
3	12	9.080e-01	9.040e-01	8.720e-01	8.880e-01	8.640e-01	8.800e-01	8.520e-01	8.600e-01	8.440e-01	8.200e-01	7.680e-01	7.640e-01
3	13	9.280e-01	9.160e-01	8.680e-01	8.720e-01	8.680e-01	8.680e-01	8.240e-01	8.520e-01	8.240e-01	8.480e-01	7.400e-01	7.680e-01
3	14	8.560e-01	9.080e-01	8.560e-01	9.080e-01	8.440e-01	9.040e-01	8.440e-01	8.600e-01	8.240e-01	8.520e-01	7.320e-01	7.840e-01
3	15	9.040e-01	8.760e-01	8.640e-01	8.720e-01	8.600e-01	8.720e-01	8.560e-01	8.360e-01	8.400e-01	8.320e-01	7.800e-01	8.000e-01
3	16	8.800e-01	9.160e-01	8.680e-01	8.480e-01	8.640e-01	8.400e-01	8.640e-01	8.320e-01	8.480e-01	8.160e-01	7.920e-01	7.520e-01
3	17	9.120e-01	8.920e-01	8.960e-01	8.520e-01	8.600e-01	8.440e-01	8.600e-01	8.280e-01	8.320e-01	8.000e-01	7.920e-01	7.440e-01
3	18	8.880e-01	9.200e-01	8.840e-01	9.200e-01	8.480e-01	8.560e-01	8.320e-01	8.160e-01	8.320e-01	8.120e-01	7.920e-01	7.520e-01
3	19	9.040e-01	9.040e-01	8.680e-01	8.680e-01	8.560e-01	8.560e-01	8.480e-01	8.560e-01	8.160e-01	7.960e-01	7.920e-01	7.200e-01
3	20	9.120e-01	9.000e-01	8.840e-01	8.800e-01	8.840e-01	8.800e-01	8.280e-01	8.600e-01	8.000e-01	8.120e-01	7.760e-01	7.560e-01
4	0	8.640e-01	9.000e-01	8.560e-01	8.920e-01	8.320e-01	8.760e-01	8.280e-01	8.600e-01	8.080e-01	8.160e-01	7.680e-01	7.400e-01
4	1	8.840e-01	8.920e-01	8.840e-01	8.880e-01	8.840e-01	8.680e-01	8.520e-01	8.520e-01	8.280e-01	8.120e-01	7.720e-01	7.800e-01
4	2	8.960e-01	8.840e-01	8.680e-01	8.560e-01	8.600e-01	8.560e-01	8.400e-01	8.400e-01	8.320e-01	8.320e-01	7.560e-01	7.880e-01
4	3	8.880e-01	8.560e-01	8.720e-01	8.520e-01	8.720e-01	8.520e-01	8.600e-01	8.520e-01	8.240e-01	8.120e-01	7.200e-01	7.800e-01
4	4	9.160e-01	9.160e-01	8.800e-01	9.040e-01	8.680e-01	8.760e-01	8.680e-01	8.680e-01	8.160e-01	8.440e-01	7.360e-01	7.480e-01
4	5	9.160e-01	9.240e-01	8.720e-01	9.000e-01	8.480e-01	8.880e-01	8.280e-01	8.800e-01	8.160e-01	8.440e-01	7.320e-01	7.840e-01
4	6	9.040e-01	8.720e-01	8.600e-01	8.560e-01	8.520e-01	8.560e-01	8.440e-01	8.560e-01	8.440e-01	8.360e-01	7.600e-01	7.440e-01
4	7	9.000e-01	9.280e-01	8.800e-01	8.480e-01	8.760e-01	8.320e-01	8.680e-01	8.280e-01	8.320e-01	8.200e-01	7.720e-01	7.520e-01
4	8	9.040e-01	9.320e-01	9.040e-01	9.320e-01	8.680e-01	8.440e-01	8.560e-01	8.360e-01	8.480e-01	8.160e-01	7.280e-01	7.560e-01
4	9	9.440e-01	8.960e-01	8.960e-01	8.680e-01	8.960e-01	8.680e-01	8.880e-01	8.440e-01	8.720e-01	8.280e-01	7.440e-01	7.760e-01
4	10	9.240e-01	9.080e-01	8.920e-01	8.840e-01	8.840e-01	8.720e-01	8.760e-01	8.680e-01	8.520e-01	8.600e-01	7.440e-01	7.880e-01
4	11	9.240e-01	8.960e-01	8.880e-01	8.920e-01	8.880e-01	8.840e-01	8.840e-01	8.840e-01	8.400e-01	8.440e-01	7.800e-01	7.960e-01
4	12	8.880e-01	9.040e-01	8.880e-01	9.040e-01	8.560e-01	8.840e-01	8.560e-01	8.840e-01	8.240e-01	8.760e-01	7.840e-01	7.800e-01
4	13	9.120e-01	8.960e-01	9.120e-01	8.880e-01	9.120e-01	8.520e-01	9.080e-01	8.400e-01	8.640e-01	8.320e-01	7.800e-01	7.280e-01
4	14	9.280e-01	8.600e-01	9.120e-01	8.480e-01	9.120e-01	8.440e-01	9.120e-01	8.400e-01	8.720e-01	7.960e-01	7.880e-01	7.280e-01
4	15	9.200e-01	9.120e-01	9.080e-01	8.960e-01	8.760e-01	8.720e-01	8.680e-01	8.560e-01	8.400e-01	8.320e-01	7.680e-01	7.800e-01
4	16	8.760e-01	9.240e-01	8.760e-01	9.240e-01	8.560e-01	9.080e-01	8.320e-01	8.800e-01	8.200e-01	8.320e-01	7.840e-01	7.880e-01
4	17	9.200e-01	8.720e-01	8.680e-01	8.640e-01	8.680e-01	8.640e-01	8.640e-01	8.280e-01	8.560e-01	8.120e-01	7.640e-01	7.560e-01
4	18	8.760e-01	8.680e-01	8.760e-01	8.640e-01	8.760e-01	8.400e-01	8.600e-01	8.360e-01	8.520e-01	8.040e-01	7.920e-01	7.360e-01
4	19	9.080e-01	9.120e-01	8.840e-01	8.560e-01	8.840e-01	8.440e-01	8.360e-01	8.240e-01	7.880e-01	8.160e-01	7.600e-01	7.840e-01
4	20	9.200e-01	8.840e-01	8.880e-01	8.760e-01	8.640e-01	8.640e-01	8.640e-01	8.640e-01	8.160e-01	7.960e-01	7.760e-01	7.560e-01
5	0	9.040e-01	9.120e-01	8.560e-01	8.720e-01	8.560e-01	8.320e-01	8.560e-01	8.280e-01	8.240e-01	8.000e-01	7.640e-01	7.520e-01
5	1	8.680e-01	9.280e-01	8.480e-01	9.040e-01	8.480e-01	9.040e-01	8.480e-01	8.720e-01	8.080e-01	8.320e-01	7.560e-01	7.520e-01
5	2	9.120e-01	9.160e-01	8.960e-01	8.760e-01	8.840e-01	8.720e-01	8.440e-01	8.600e-01	8.400e-01	8.240e-01	7.560e-01	7.720e-01
5	3	9.000e-01	8.720e-01	8.760e-01	8.600e-01	8.600e-01	8.520e-01	8.560e-01	8.520e-01	8.360e-01	8.480e-01	7.560e-01	7.840e-01
5	4	8.920e-01	9.000e-01	8.920e-01	9.000e-01	8.680e-01	8.800e-01	8.240e-01	8.760e-01	8.120e-01	8.440e-01	7.160e-01	7.560e-01
5	5	8.800e-01	8.760e-01	8.680e-01	8.640e-01	8.520e-01	8.480e-01	8.520e-01	8.440e-01	8.280e-01	8.320e-01	7.760e-01	7.520e-01
5	6	8.880e-01	9.240e-01	8.880e-01	9.200e-01	8.520e-01	8.440e-01	8.520e-01	8.400e-01	8.080e-01	8.200e-01	7.760e-01	7.600e-01
5	7	9.280e-01	8.800e-01	9.160e-01	8.680e-01	8.800e-01	8.440e-01	8.600e-01	8.360e-01	8.200e-01	8.040e-01	7.800e-01	7.640e-01
5	8	9.280e-01	8.960e-01	8.720e-01	8.400e-01	8.720e-01	8.360e-01	8.720e-01	8.320e-01	8.320e-01	8.040e-01	7.360e-01	7.480e-01
5	9	9.000e-01	9.160e-01	8.920e-01	8.960e-01	8.560e-01	8.720e-01	8.480e-01	8.720e-01	8.120e-01	8.240e-01	7.720e-01	7.760e-01
5	10	9.320e-01	9.360e-01	9.040e-01	8.840e-01	9.040e-01	8.800e-01	8.600e-01	8.760e-01	8.480e-01	8.480e-01	7.880e-01	7.600e-01
5	11	9.240e-01	8.960e-01	8.920e-01	8.840e-01	8.800e-01	8.800e-01	8.680e-01	8.800e-01	8.320e-01	8.280e-01	7.800e-01	7.720e-01
5	12	9.080e-01	9.000e-01	9.000e-01	9.000e-01	8.680e-01	8.800e-01	8.640e-01	8.800e-01	8.320e-01	8.320e-01	7.640e-01	7.680e-01
5	13	9.080e-01	8.880e-01	9.000e-01	8.800e-01	8.960e-01	8.800e-01	8.880e-01	8.560e-01	8.440e-01	8.200e-01	7.920e-01	7.400e-01
5	14	9.000e-01	9.040e-01	8.720e-01	8.800e-01	8.680e-01	8.680e-01	8.680e-01	8.640e-01	8.320e-01	8.040e-01	7.760e-01	7.760e-01
5	15	8.680e-01	9.200e-01	8.680e-01	9.200e-01	8.680e-01	9.200e-01	8.080e-01	8.480e-01	8.040e-01	8.480e-01	7.600e-01	7.840e-01
5	16	9.080e-01	9.120e-01	9.000e-01	9.120e-01	8.640e-01	9.080e-01	8.360e-01	8.960e-01	8.160e-01	8.520e-01	7.560e-01	7.880e-01
5	17	9.080e-01	8.760e-01	8.920e-01	8.640e-01	8.920e-01	8.640e-01	8.920e-01	8.640e-01	8.360e-01	8.360e-01	7.760e-01	7.520e-01
5	18	9.240e-01	8.800e-01	8.960e-01	8.640e-01	8.640e-01	8.360e-01	8.640e-01	8.320e-01	8.320e-01	7.960e-01	7.440e-01	7.720e-01
5	19	8.760e-01	8.440e-01	8.760e-01	8.440e-01	8.560e-01	8.360e-01	8.440e-01	8.360e-01	8.280e-01	8.200e-01	7.600e-01	7.960e-01
5	20	9.280e-01	9.160e-01	8.920e-01	8.720e-01	8.840e-01	8.600e-01	8.400e-01	8.440e-01	8.160e-01	8.280e-01	7.720e-01	7.640e-01
6	0	8.800e-01	8.920e-01	8.760e-01	8.880e-01	8.440e-01	8.680e-01	8.120e-01	8.400e-01	8.040e-01	8.320e-01	7.360e-01	7.680e-01
6	1	8.880e-01	9.160e-01	8.680e-01	8.880e-01	8.680e-01	8.880e-01	8.560e-01	8.840e-01	8.320e-01	8.480e-01	7.560e-01	7.640e-01
6	2	9.200e-01	9.080e-01	9.080e-01	8.880e-01	9.080e-01	8.880e-01	8.680e-01	8.280e-01	8.600e-01	8.200e-01	7.720e-01	7.600e-01
6	3	8.960e-01	9.040e-01	8.640e-01	9.040e-01	8.440e-01	8.920e-01	8.240e-01	8.840e-01	8.160e-01	8.600e-01	7.520e-01	7.600e-01
6	4	8.920e-01	8.840e-01	8.800e-01	8.720e-01	8.720e-01	8.640e-01	8.720e-01	8.600e-01	8.720e-01	8.520e-01	7.760e-01	7.440e-01
6	5	9.040e-01	8.720e-01	8.840e-01	8.400e-01	8.800e-01	8.280e-01	8.720e-01	8.280e-01	8.560e-01	8.240e-01	7.600e-01	7.520e-01
6	6	8.720e-01	9.000e-01	8.720e-01	8.720e-01	8.680e-01	8.480e-01	8.480e-01	8.240e-01	8.320e-01	8.160e-01	7.880e-01	7.600e-01
6	7	8.800e-01	8.960e-01	8.800e-01	8.600e-01	8.720e-01	8.600e-01	8.400e-01	8.400e-01	8.360e-01	8.080e-01	7.800e-01	7.720e-01
6	8	8.960e-01	8.920e-01	8.920e-01	8.880e-01	8.680e-01	8.640e-01	8.440e-01	8.520e-01	8.160e-01	8.520e-01	7.640e-01	7.680e-01
6	9	8.640e-01	8.840e-01	8.640e-01	8.840e-01	8.560e-01	8.800e-01	8.480e-01	8.520e-01	8.400e-01	8.360e-01	7.520e-01	7.720e-01
6	10	8.720e-01	8.960e-01	8.640e-01	8.880e-01	8.640e-01	8.880e-01	8.640e-01	8.840e-01	8.240e-01	8.400e-01	7.480e-01	8.000e-01
6	11	8.600e-01	9.360e-01	8.600e-01	9.360e-01	8.520e-01	9.200e-01	8.400e-01	8.880e-01	8.280e-01	8.440e-01	7.760e-01	7.680e-01
6	12	8.960e-01	8.960e-01	8.920e-01	8.960e-01	8.520e-01	8.920e-01	8.520e-01	8.920e-01	8.080e-01	8.560e-01	7.680e-01	7.520e-01
6	13	8.880e-01	9.240e-01	8.720e-01	9.000e-01	8.680e-01	8.960e-01	8.560e-01	8.760e-01	8.280e-01	8.360e-01	7.320e-01	7.840e-01
6	14	9.040e-01	9.000e-01	8.680e-01	8.960e-01	8.560e-01	8.760e-01	8.440e-01	8.400e-01	8.200e-01	8.240e-01	7.080e-01	8.000e-01
6	15	8.880e-01	9.160e-01	8.800e-01	9.000e-01	8.520e-01	8.880e-01	8.360e-01	8.560e-01	8.280e-01	8.400e-01	7.720e-01	7.760e-01
6	16	9.040e-01	9.320e-01	8.840e-01	9.160e-01	8.520e-01	8.920e-01	8.200e-01	8.880e-01	7.920e-01	8.520e-01	7.440e-01	8.400e-01
6	17	9.080e-01	9.320e-01	8.920e-01	9.120e-01	8.880e-01	9.080e-01	8.320e-01	8.800e-01	8.000e-01	8.520e-01	7.360e-01	7.760e-01
6	18	8.920e-01	9.080e-01	8.840e-01	9.040e-01	8.360e-01	8.560e-01	8.360e-01	8.520e-01	8.320e-01	8.200e-01	7.600e-01	7.640e-01
6	19	8.800e-01	9.000e-01	8.480e-01	8.760e-01	8.440e-01	8.760e-01	8.320e-01	8.600e-01	7.960e-01	8.440e-01	7.600e-01	7.880e-01
6	20	9.000e-01	9.240e-01	8.720e-01	8.440e-01	8.720e-01	8.440e-01	8.480e-01	8.360e-01	8.320e-01	8.080e-01	7.800e-01	7.560e-01
7	0	8.920e-01	8.920e-01	8.680e-01	8.840e-01	8.680e-01	8.760e-01	8.640e-01	8.760e-01	8.120e-01	8.280e-01	7.240e-01	7.560e-01
7	1	8.840e-01	9.080e-01	8.800e-01	9.000e-01	8.760e-01	8.760e-01	8.560e-01	8.560e-01	8.560e-01	8.520e-01	7.440e-01	7.680e-01
7	2	9.240e-01	8.960e-01	9.000e-01	8.800e-01	8.760e-01	8.640e-01	8.760e-01	8.600e-01	8.520e-01	8.200e-01	7.880e-01	7.480e-01
7	3	9.080e-01	9.160e-01	8.800e-01	8.760e-01	8.560e-01	8.480e-01	8.480e-01	8.480e-01	8.400e-01	8.240e-01	7.800e-01	7.520e-01
7	4	8.680e-01	8.920e-01	8.640e-01	8.880e-01	8.320e-01	8.680e-01	8.320e-01	8.600e-01	8.120e-01	8.560e-01	7.440e-01	7.760e-01
7	5	8.680e-01	8.920e-01	8.600e-01	8.800e-01	8.560e-01	8.760e-01	8.440e-01	8.360e-01	8.360e-01	8.320e-01	7.600e-01	7.640e-01
7	6	9.280e-01	8.840e-01	8.960e-01	8.600e-01	8.960e-01	8.600e-01	8.960e-01	8.520e-01	8.400e-01	8.240e-01	7.680e-01	7.880e-01
7	7	9.000e-01	8.680e-01	8.800e-01	8.640e-01	8.800e-01	8.600e-01	8.520e-01	8.560e-01	8.400e-01	8.320e-01	7.960e-01	7.880e-01
7	8	8.800e-01	9.280e-01	8.360e-01	9.120e-01	8.320e-01	9.080e-01	8.320e-01	9.000e-01	8.240e-01	8.480e-01	7.640e-01	8.120e-01
7	9	9.160e-01	9.160e-01	8.800e-01	8.920e-01	8.720e-01	8.880e-01	8.560e-01	8.680e-01	8.560e-01	8.560e-01	7.640e-01	7.640e-01
7	10	8.800e-01	9.400e-01	8.800e-01	9.400e-01	8.600e-01	9.000e-01	8.440e-01	8.560e-01	8.160e-01	8.360e-01	7.640e-01	7.640e-01
7	11	9.040e-01	8.680e-01	9.040e-01	8.680e-01	9.000e-01	8.680e-01	8.720e-01	8.600e-01	8.160e-01	8.520e-01	7.280e-01	7.800e-01
7	12	9.120e-01	9.080e-01	9.040e-01	8.920e-01	8.840e-01	8.600e-01	8.760e-01	8.480e-01	8.520e-01	8.280e-01	7.600e-01	7.560e-01
7	13	8.920e-01	9.040e-01	8.880e-01	9.040e-01	8.600e-01	8.960e-01	8.560e-01	8.760e-01	8.280e-01	8.280e-01	7.560e-01	7.640e-01
7	14	9.400e-01	9.000e-01	9.000e-01	8.680e-01	8.720e-01	8.400e-01	8.640e-01	8.360e-01	8.080e-01	8.120e-01	7.400e-01	7.720e-01
7	15	9.080e-01	9.120e-01	8.920e-01	8.960e-01	8.920e-01	8.880e-01	8.720e-01	8.760e-01	8.120e-01	8.200e-01	7.640e-01	7.920e-01
7	16	8.960e-01	8.880e-01	8.720e-01	8.880e-01	8.720e-01	8.880e-01	8.400e-01	8.720e-01	8.400e-01	8.720e-01	7.400e-01	7.640e-01
7	17	8.920e-01	9.520e-01	8.880e-01	9.480e-01	8.560e-01	9.160e-01	8.360e-01	8.760e-01	7.960e-01	8.560e-01	7.200e-01	7.840e-01
7	18	9.040e-01	8.880e-01	8.880e-01	8.720e-01	8.880e-01	8.200e-01	8.840e-01	8.200e-01	8.040e-01	8.120e-01	7.520e-01	7.960e-01
7	19	9.080e-01	9.040e-01	9.080e-01	9.040e-01	8.640e-01	8.720e-01	8.560e-01	8.480e-01	8.280e-01	8.160e-01	7.600e-01	7.560e-01
7	20	8.680e-01	8.840e-01	8.640e-01	8.800e-01	8.560e-01	8.800e-01	8.520e-01	8.520e-01	8.200e-01	8.440e-01	7.640e-01	7.880e-01
8	0	9.080e-01	8.640e-01	9.040e-01	8.560e-01	9.040e-01	8.480e-01	8.920e-01	8.400e-01	8.360e-01	7.960e-01	7.800e-01	7.560e-01
8	1	9.000e-01	8.880e-01	9.000e-01	8.800e-01	8.840e-01	8.600e-01	8.520e-01	8.480e-01	8.200e-01	8.120e-01	7.480e-01	7.240e-01
8	2	9.080e-01	9.040e-01	8.880e-01	8.720e-01	8.880e-01	8.680e-01	8.440e-01	8.160e-01	8.440e-01	8.120e-01	7.560e-01	7.440e-01
8	3	8.800e-01	8.760e-01	8.520e-01	8.640e-01	8.440e-01	8.640e-01	8.400e-01	8.600e-01	8.200e-01	8.480e-01	7.360e-01	7.600e-01
8	4	9.120e-01	8.960e-01	8.680e-01	8.800e-01	8.480e-01	8.520e-01	8.480e-01	8.520e-01	8.280e-01	8.240e-01	7.400e-01	7.520e-01
8	5	9.000e-01	9.560e-01	8.560e-01	8.960e-01	8.480e-01	8.800e-01	8.360e-01	8.800e-01	8.160e-01	8.360e-01	7.880e-01	7.680e-01
8	6	9.040e-01	9.120e-01	8.640e-01	9.040e-01	8.640e-01	9.000e-01	8.440e-01	8.760e-01	8.120e-01	8.440e-01	7.480e-01	7.520e-01
8	7	8.400e-01	9.200e-01	8.360e-01	9.160e-01	8.160e-01	9.120e-01	8.120e-01	9.120e-01	8.120e-01	9.080e-01	7.640e-01	7.240e-01
8	8	8.760e-01	9.160e-01	8.640e-01	8.640e-01	8.640e-01	8.640e-01	8.640e-01	8.640e-01	8.320e-01	8.600e-01	7.720e-01	7.720e-01
8	9	8.840e-01	9.040e-01	8.640e-01	9.000e-01	8.480e-01	8.880e-01	8.320e-01	8.720e-01	7.800e-01	8.520e-01	7.520e-01	7.840e-01
8	10	9.440e-01	9.240e-01	9.040e-01	8.880e-01	8.480e-01	8.680e-01	8.440e-01	8.640e-01	7.960e-01	8.520e-01	7.320e-01	7.640e-01
8	11	9.160e-01	9.240e-01	8.720e-01	8.920e-01	8.680e-01	8.880e-01	8.480e-01	8.680e-01	8.160e-01	8.480e-01	7.360e-01	7.760e-01
8	12	9.000e-01	8.600e-01	9.000e-01	8.520e-01	8.840e-01	8.360e-01	8.840e-01	8.360e-01	8.360e-01	8.200e-01	7.680e-01	7.600e-01
8	13	8.840e-01	9.200e-01	8.800e-01	9.200e-01	8.680e-01	8.640e-01	8.640e-01	8.640e-01	8.400e-01	8.400e-01	7.640e-01	7.640e-01
8	14	8.920e-01	9.040e-01	8.600e-01	8.960e-01	8.480e-01	8.800e-01	8.280e-01	8.760e-01	8.160e-01	8.400e-01	7.560e-01	7.680e-01
8	15	8.800e-01	8.680e-01	8.800e-01	8.600e-01	8.760e-01	8.560e-01	8.760e-01	8.560e-01	8.040e-01	8.240e-01	7.520e-01	7.960e-01
8	16	9.320e-01	9.040e-01	9.280e-01	9.040e-01	8.840e-01	8.440e-01	8.840e-01	8.400e-01	8.680e-01	7.880e-01	8.240e-01	7.480e-01
8	17	9.040e-01	8.880e-01	9.040e-01	8.880e-01	9.000e-01	8.880e-01	9.000e-01	8.880e-01	8.280e-01	8.040e-01	7.760e-01	7.520e-01
8	18	9.040e-01	9.280e-01	8.760e-01	9.240e-01	8.520e-01	8.680e-01	8.520e-01	8.640e-01	8.360e-01	8.560e-01	7.840e-01	7.440e-01
8	19	9.160e-01	9.520e-01	9.080e-01	9.400e-01	8.880e-01	8.560e-01	8.840e-01	8.560e-01	8.800e-01	8.360e-01	7.960e-01	7.680e-01
8	20	9.000e-01	9.240e-01	8.680e-01	9.040e-01	8.480e-01	8.840e-01	8.040e-01	8.640e-01	8.040e-01	8.600e-01	7.600e-01	7.800e-01
9	0	9.040e-01	9.240e-01	8.560e-01	8.880e-01	8.240e-01	8.720e-01	8.200e-01	8.720e-01	7.880e-01	8.480e-01	7.280e-01	8.120e-01
9	1	8.800e-01	9.000e-01	8.680e-01	8.800e-01	8.440e-01	8.640e-01	8.320e-01	8.400e-01	8.240e-01	8.240e-01	7.440e-01	7.200e-01
9	2	8.840e-01	8.920e-01	8.840e-01	8.920e-01	8.800e-01	8.480e-01	8.760e-01	8.440e-01	8.680e-01	8.440e-01	7.560e-01	7.440e-01
9	3	9.440e-01	9.080e-01	8.880e-01	8.480e-01	8.520e-01	8.480e-01	8.240e-01	8.120e-01	8.160e-01	8.080e-01	7.440e-01	7.560e-01
9	4	8.760e-01	8.920e-01	8.760e-01	8.920e-01	8.360e-01	8.680e-01	8.360e-01	8.640e-01	8.080e-01	7.920e-01	7.720e-01	7.360e-01
9	5	8.720e-01	9.280e-01	8.600e-01	9.200e-01	8.240e-01	8.800e-01	8.160e-01	8.760e-01	8.080e-01	8.440e-01	7.680e-01	7.720e-01
9	6	9.120e-01	9.160e-01	8.720e-01	8.840e-01	8.640e-01	8.560e-01	8.640e-01	8.520e-01	8.280e-01	8.160e-01	7.400e-01	7.640e-01
9	7	9.200e-01	8.520e-01	8.840e-01	8.480e-01	8.840e-01	8.480e-01	8.840e-01	8.320e-01	8.800e-01	8.280e-01	8.360e-01	7.880e-01
9	8	9.080e-01	9.080e-01	9.000e-01	8.960e-01	8.760e-01	8.800e-01	8.400e-01	8.720e-01	8.320e-01	8.000e-01	7.440e-01	7.480e-01
9	9	9.280e-01	8.840e-01	9.160e-01	8.800e-01	8.840e-01	8.560e-01	8.760e-01	8.520e-01	8.280e-01	8.000e-01	7.840e-01	7.840e-01
9	10	8.840e-01	8.760e-01	8.800e-01	8.760e-01	8.760e-01	8.760e-01	8.520e-01	8.760e-01	7.960e-01	8.640e-01	7.520e-01	8.480e-01
9	11	8.760e-01	8.720e-01	8.760e-01	8.720e-01	8.480e-01	8.600e-01	8.480e-01	8.600e-01	8.440e-01	8.520e-01	7.640e-01	8.120e-01
9	12	8.960e-01	9.120e-01	8.960e-01	9.080e-01	8.640e-01	8.880e-01	8.400e-01	8.480e-01	8.320e-01	8.160e-01	7.840e-01	7.680e-01
9	13	8.920e-01	8.760e-01	8.880e-01	8.720e-01	8.600e-01	8.680e-01	8.600e-01	8.680e-01	8.280e-01	8.320e-01	7.640e-01	7.720e-01
9	14	8.560e-01	9.240e-01	8.560e-01	9.200e-01	8.440e-01	8.960e-01	8.440e-01	8.840e-01	8.280e-01	8.480e-01	7.280e-01	7.920e-01
9	15	9.160e-01	8.880e-01	8.680e-01	8.760e-01	8.640e-01	8.600e-01	8.600e-01	8.360e-01	8.560e-01	8.280e-01	7.480e-01	7.600e-01
9	16	9.160e-01	8.520e-01	9.120e-01	8.520e-01	8.800e-01	8.400e-01	8.800e-01	8.400e-01	8.600e-01	7.960e-01	7.720e-01	7.720e-01
9	17	9.000e-01	9.040e-01	8.800e-01	8.720e-01	8.800e-01	8.680e-01	8.680e-01	8.480e-01	8.600e-01	8.080e-01	7.760e-01	7.480e-01
9	18	8.720e-01	9.200e-01	8.720e-01	9.200e-01	8.520e-01	9.000e-01	8.440e-01	9.000e-01	8.280e-01	8.760e-01	7.760e-01	7.720e-01
9	19	9.000e-01	9.080e-01	8.800e-01	8.680e-01	8.800e-01	8.640e-01	8.560e-01	8.520e-01	8.120e-01	8.320e-01	7.560e-01	7.880e-01
9	20	8.640e-01	8.880e-01	8.560e-01	8.760e-01	8.560e-01	8.760e-01	8.520e-01	8.760e-01	8.360e-01	8.360e-01	8.080e-01	7.920e-01
10	0	9.200e-01	9.000e-01	9.200e-01	9.000e-01	8.960e-01	8.920e-01	8.960e-01	8.840e-01	8.160e-01	8.640e-01	7.560e-01	7.680e-01
10	1	9.200e-01	9.200e-01	8.720e-01	9.000e-01	8.360e-01	8.960e-01	8.320e-01	8.480e-01	8.240e-01	8.240e-01	7.560e-01	7.320e-01
10	2	9.400e-01	8.960e-01	9.040e-01	8.560e-01	8.720e-01	8.280e-01	8.600e-01	8.280e-01	8.040e-01	8.240e-01	7.720e-01	7.920e-01
10	3	8.840e-01	9.000e-01	8.800e-01	9.000e-01	8.520e-01	8.920e-01	8.240e-01	8.600e-01	8.000e-01	8.240e-01	7.560e-01	7.760e-01
10	4	8.800e-01	9.040e-01	8.680e-01	8.960e-01	8.600e-01	8.720e-01	8.480e-01	8.440e-01	8.160e-01	8.200e-01	7.440e-01	7.680e-01
10	5	8.960e-01	8.840e-01	8.960e-01	8.840e-01	8.760e-01	8.760e-01	8.640e-01	8.680e-01	8.240e-01	8.400e-01	7.440e-01	7.480e-01
10	6	8.880e-01	9.480e-01	8.560e-01	9.080e-01	8.320e-01	9.040e-01	8.120e-01	8.760e-01	8.040e-01	8.680e-01	7.600e-01	7.640e-01
10	7	8.760e-01	9.000e-01	8.720e-01	8.920e-01	8.440e-01	8.440e-01	8.440e-01	8.440e-01	8.320e-01	8.160e-01	7.720e-01	7.920e-01
10	8	9.160e-01	9.000e-01	8.880e-01	8.960e-01	8.600e-01	8.880e-01	8.560e-01	8.600e-01	8.400e-01	8.440e-01	7.720e-01	7.240e-01
10	9	9.040e-01	9.040e-01	8.960e-01	9.000e-01	8.800e-01	8.600e-01	8.760e-01	8.440e-01	8.640e-01	8.280e-01	7.880e-01	7.520e-01
10	10	8.800e-01	9.240e-01	8.800e-01	9.240e-01	8.800e-01	8.760e-01	8.800e-01	8.720e-01	8.440e-01	8.640e-01	7.520e-01	7.800e-01
10	11	8.720e-01	8.960e-01	8.720e-01	8.800e-01	8.720e-01	8.800e-01	8.640e-01	8.760e-01	8.360e-01	8.480e-01	7.920e-01	7.920e-01
10	12	8.880e-01	9.040e-01	8.840e-01	8.800e-01	8.800e-01	8.760e-01	8.720e-01	8.640e-01	8.200e-01	8.560e-01	7.720e-01	8.040e-01
10	13	8.760e-01	9.080e-01	8.600e-01	9.040e-01	8.600e-01	9.000e-01	8.600e-01	8.720e-01	8.240e-01	8.440e-01	7.560e-01	7.760e-01
10	14	8.880e-01	9.280e-01	8.360e-01	9.080e-01	8.320e-01	9.080e-01	8.320e-01	9.080e-01	8.040e-01	8.720e-01	7.360e-01	7.720e-01
10	15	8.600e-01	9.040e-01	8.600e-01	9.000e-01	8.520e-01	8.880e-01	8.520e-01	8.840e-01	8.240e-01	8.600e-01	7.560e-01	7.840e-01
10	16	9.000e-01	8.920e-01	8.760e-01	8.920e-01	8.720e-01	8.880e-01	8.680e-01	8.680e-01	8.320e-01	8.320e-01	7.840e-01	7.760e-01
10	17	9.120e-01	8.800e-01	9.080e-01	8.640e-01	9.080e-01	8.560e-01	9.080e-01	8.520e-01	9.000e-01	8.200e-01	7.760e-01	7.600e-01
10	18	8.960e-01	8.880e-01	8.680e-01	8.600e-01	8.680e-01	8.600e-01	8.680e-01	8.600e-01	8.560e-01	8.560e-01	7.480e-01	8.000e-01
10	19	8.760e-01	8.600e-01	8.760e-01	8.600e-01	8.760e-01	8.360e-01	8.680e-01	8.360e-01	8.480e-01	8.360e-01	7.520e-01	7.560e-01
10	20	9.160e-01	9.160e-01	8.840e-01	8.800e-01	8.720e-01	8.720e-01	8.480e-01	8.640e-01	8.440e-01	8.560e-01	7.360e-01	7.720e-01
11	0	8.920e-01	9.080e-01	8.880e-01	9.000e-01	8.760e-01	8.880e-01	8.720e-01	8.720e-01	8.360e-01	8.200e-01	7.440e-01	7.680e-01
11	1	9.000e-01	8.880e-01	9.000e-01	8.880e-01	9.000e-01	8.800e-01	8.920e-01	8.320e-01	8.840e-01	8.200e-01	7.440e-01	7.640e-01
11	2	9.160e-01	9.160e-01	8.600e-01	8.880e-01	8.400e-01	8.600e-01	8.320e-01	8.600e-01	8.120e-01	8.160e-01	7.360e-01	7.520e-01
11	3	8.640e-01	8.840e-01	8.600e-01	8.840e-01	8.520e-01	8.720e-01	8.480e-01	8.680e-01	8.160e-01	7.920e-01	7.680e-01	7.520e-01
11	4	8.920e-01	8.880e-01	8.880e-01	8.800e-01	8.560e-01	8.680e-01	8.520e-01	8.680e-01	8.080e-01	8.400e-01	7.400e-01	7.520e-01
11	5	9.000e-01	8.880e-01	8.960e-01	8.880e-01	8.800e-01	8.640e-01	8.680e-01	8.640e-01	8.400e-01	8.160e-01	7.440e-01	7.520e-01
11	6	8.920e-01	9.120e-01	8.760e-01	8.840e-01	8.720e-01	8.800e-01	8.680e-01	8.560e-01	8.480e-01	8.200e-01	7.800e-01	7.640e-01
11	7	8.960e-01	9.240e-01	8.560e-01	9.040e-01	8.400e-01	8.960e-01	8.320e-01	8.760e-01	8.240e-01	8.760e-01	7.560e-01	7.640e-01
11	8	9.280e-01	8.960e-01	9.200e-01	8.680e-01	9.000e-01	8.600e-01	8.800e-01	8.240e-01	8.760e-01	8.200e-01	7.800e-01	7.400e-01
11	9	8.840e-01	9.040e-01	8.800e-01	8.960e-01	8.680e-01	8.720e-01	8.680e-01	8.720e-01	8.320e-01	8.600e-01	7.920e-01	7.480e-01
11	10	9.000e-01	8.960e-01	8.640e-01	8.880e-01	8.640e-01	8.880e-01	8.600e-01	8.800e-01	8.000e-01	8.520e-01	7.560e-01	7.960e-01
11	11	9.040e-01	8.720e-01	9.040e-01	8.680e-01	9.000e-01	8.680e-01	8.920e-01	8.680e-01	8.160e-01	8.440e-01	7.680e-01	7.560e-01
11	12	8.920e-01	9.080e-01	8.920e-01	9.040e-01	8.720e-01	8.960e-01	8.600e-01	8.800e-01	8.160e-01	8.120e-01	7.880e-01	7.680e-01
11	13	9.080e-01	8.640e-01	9.080e-01	8.640e-01	9.080e-01	8.600e-01	8.680e-01	8.400e-01	8.400e-01	8.400e-01	7.800e-01	7.840e-01
11	14	8.920e-01	9.120e-01	8.680e-01	8.800e-01	8.600e-01	8.760e-01	8.600e-01	8.760e-01	8.040e-01	8.480e-01	7.480e-01	8.000e-01
11	15	9.120e-01	8.920e-01	9.120e-01	8.920e-01	8.840e-01	8.720e-01	8.800e-01	8.680e-01	8.360e-01	8.360e-01	8.040e-01	7.480e-01
11	16	8.720e-01	8.960e-01	8.640e-01	8.920e-01	8.520e-01	8.880e-01	8.520e-01	8.840e-01	8.480e-01	8.240e-01	7.880e-01	7.040e-01
11	17	9.320e-01	9.040e-01	9.040e-01	8.800e-01	8.960e-01	8.800e-01	8.840e-01	8.720e-01	8.320e-01	8.480e-01	7.880e-01	7.480e-01
11	18	9.000e-01	9.000e-01	8.840e-01	8.800e-01	8.680e-01	8.800e-01	8.560e-01	8.760e-01	8.400e-01	8.600e-01	7.640e-01	7.680e-01
11	19	9.240e-01	9.160e-01	8.440e-01	9.000e-01	8.440e-01	8.600e-01	8.400e-01	8.600e-01	8.400e-01	8.560e-01	7.120e-01	7.600e-01
11	20	8.720e-01	9.200e-01	8.720e-01	9.200e-01	8.720e-01	9.080e-01	8.440e-01	8.520e-01	8.280e-01	8.320e-01	7.160e-01	7.400e-01
12	0	9.000e-01	8.800e-01	9.000e-01	8.800e-01	8.760e-01	8.680e-01	8.760e-01	8.640e-01	8.440e-01	8.040e-01	8.200e-01	7.680e-01
12	1	9.120e-01	9.040e-01	8.920e-01	8.720e-01	8.840e-01	8.600e-01	8.760e-01	8.360e-01	8.280e-01	8.280e-01	7.640e-01	7.880e-01
12	2	8.680e-01	9.120e-01	8.640e-01	9.120e-01	8.400e-01	8.880e-01	8.400e-01	8.880e-01	7.960e-01	8.520e-01	7.680e-01	7.640e-01
12	3	9.160e-01	9.160e-01	8.520e-01	8.840e-01	8.520e-01	8.840e-01	8.320e-01	8.600e-01	8.200e-01	8.120e-01	7.400e-01	7.240e-01
12	4	8.960e-01	9.120e-01	8.920e-01	9.120e-01	8.840e-01	8.960e-01	8.680e-01	8.560e-01	8.120e-01	8.280e-01	7.640e-01	7.480e-01
12	5	8.960e-01	8.880e-01	8.960e-01	8.880e-01	8.760e-01	8.760e-01	8.760e-01	8.760e-01	8.360e-01	8.160e-01	7.440e-01	7.680e-01
12	6	9.280e-01	9.120e-01	8.960e-01	9.040e-01	8.920e-01	8.720e-01	8.880e-01	8.520e-01	8.280e-01	8.320e-01	7.440e-01	7.640e-01
12	7	8.800e-01	8.920e-01	8.800e-01	8.880e-01	8.560e-01	8.720e-01	8.560e-01	8.680e-01	8.480e-01	8.280e-01	7.640e-01	7.760e-01
12	8	8.880e-01	9.080e-01	8.880e-01	9.080e-01	8.800e-01	8.720e-01	8.800e-01	8.560e-01	8.440e-01	8.320e-01	8.000e-01	7.640e-01
12	9	9.200e-01	9.120e-01	9.080e-01	8.880e-01	8.760e-01	8.720e-01	8.760e-01	8.720e-01	8.320e-01	8.640e-01	7.960e-01	7.960e-01
12	10	9.280e-01	8.800e-01	9.160e-01	8.800e-01	8.800e-01	8.760e-01	8.800e-01	8.640e-01	8.800e-01	8.320e-01	7.760e-01	7.640e-01
12	11	8.960e-01	8.960e-01	8.920e-01	8.880e-01	8.880e-01	8.760e-01	8.520e-01	8.680e-01	8.160e-01	8.200e-01	7.760e-01	7.640e-01
12	12	9.080e-01	8.560e-01	9.080e-01	8.560e-01	9.080e-01	8.480e-01	9.040e-01	8.480e-01	8.400e-01	8.160e-01	7.560e-01	7.560e-01
12	13	9.200e-01	9.120e-01	9.160e-01	9.080e-01	8.840e-01	8.720e-01	8.520e-01	8.400e-01	8.400e-01	8.280e-01	7.720e-01	7.680e-01
12	14	9.080e-01	9.080e-01	9.080e-01	9.000e-01	8.520e-01	8.760e-01	8.400e-01	8.520e-01	8.360e-01	8.160e-01	7.840e-01	7.280e-01
12	15	8.640e-01	8.840e-01	8.560e-01	8.800e-01	8.560e-01	8.760e-01	8.480e-01	8.720e-01	8.320e-01	8.600e-01	7.600e-01	7.680e-01
12	16	9.160e-01	9.080e-01	9.120e-01	8.760e-01	8.800e-01	8.680e-01	8.760e-01	8.560e-01	8.240e-01	8.080e-01	7.960e-01	7.800e-01
12	17	9.240e-01	9.200e-01	9.240e-01	9.160e-01	9.040e-01	8.880e-01	9.040e-01	8.880e-01	8.240e-01	8.520e-01	7.680e-01	8.000e-01
12	18	8.400e-01	9.040e-01	8.400e-01	9.000e-01	8.400e-01	8.920e-01	8.400e-01	8.920e-01	8.120e-01	8.880e-01	7.480e-01	8.160e-01
12	19	9.000e-01	9.120e-01	8.840e-01	9.080e-01	8.840e-01	9.080e-01	8.480e-01	9.080e-01	7.880e-01	8.520e-01	7.440e-01	7.560e-01
12	20	9.080e-01	9.160e-01	9.040e-01	8.880e-01	8.840e-01	8.680e-01	8.760e-01	8.680e-01	8.480e-01	8.160e-01	7.320e-01	7.440e-01
13	0	8.960e-01	9.080e-01	8.920e-01	9.040e-01	8.760e-01	8.760e-01	8.560e-01	8.560e-01	8.200e-01	8.520e-01	7.560e-01	7.880e-01
13	1	8.600e-01	9.040e-01	8.600e-01	9.040e-01	8.600e-01	9.040e-01	8.440e-01	8.720e-01	8.280e-01	8.320e-01	7.800e-01	7.880e-01
13	2	9.000e-01	9.320e-01	8.720e-01	9.240e-01	8.280e-01	9.040e-01	8.280e-01	9.000e-01	7.960e-01	8.640e-01	7.320e-01	7.960e-01
13	3	9.200e-01	8.920e-01	9.000e-01	8.840e-01	8.800e-01	8.720e-01	8.800e-01	8.720e-01	8.120e-01	8.640e-01	7.720e-01	7.600e-01
13	4	8.960e-01	9.040e-01	8.760e-01	8.800e-01	8.640e-01	8.800e-01	8.640e-01	8.680e-01	8.240e-01	8.480e-01	7.480e-01	7.680e-01
13	5	9.320e-01	9.040e-01	9.240e-01	9.040e-01	8.840e-01	8.800e-01	8.400e-01	8.600e-01	8.200e-01	8.480e-01	7.360e-01	7.560e-01
13	6	8.880e-01	8.800e-01	8.880e-01	8.800e-01	8.720e-01	8.600e-01	8.520e-01	8.560e-01	8.360e-01	8.320e-01	7.920e-01	7.880e-01
13	7	9.240e-01	9.320e-01	9.080e-01	9.080e-01	8.640e-01	8.800e-01	8.640e-01	8.800e-01	8.480e-01	8.400e-01	7.440e-01	7.800e-01
13	8	9.240e-01	8.800e-01	8.920e-01	8.680e-01	8.800e-01	8.640e-01	8.600e-01	8.560e-01	8.400e-01	8.280e-01	7.840e-01	7.400e-01
13	9	9.280e-01	9.200e-01	8.840e-01	8.680e-01	8.840e-01	8.680e-01	8.760e-01	8.640e-01	8.440e-01	8.360e-01	7.640e-01	7.680e-01
13	10	9.160e-01	8.720e-01	9.120e-01	8.720e-01	8.960e-01	8.440e-01	8.960e-01	8.440e-01	8.720e-01	8.240e-01	8.280e-01	7.640e-01
13	11	8.880e-01	9.120e-01	8.800e-01	8.800e-01	8.680e-01	8.560e-01	8.640e-01	8.560e-01	8.560e-01	8.440e-01	7.640e-01	7.440e-01
13	12	9.280e-01	8.840e-01	8.840e-01	8.360e-01	8.760e-01	8.320e-01	8.760e-01	8.240e-01	8.640e-01	8.160e-01	7.920e-01	7.480e-01
13	13	8.720e-01	9.080e-01	8.680e-01	9.040e-01	8.520e-01	8.680e-01	8.480e-01	8.320e-01	8.360e-01	8.280e-01	7.600e-01	7.480e-01
13	14	9.360e-01	9.240e-01	8.760e-01	8.800e-01	8.760e-01	8.800e-01	8.480e-01	8.440e-01	8.240e-01	8.320e-01	7.680e-01	7.720e-01
13	15	9.120e-01	9.200e-01	8.920e-01	8.960e-01	8.840e-01	8.760e-01	8.520e-01	8.640e-01	8.360e-01	8.520e-01	7.840e-01	7.840e-01
13	16	9.240e-01	8.920e-01	8.960e-01	8.840e-01	8.920e-01	8.800e-01	8.840e-01	8.600e-01	8.360e-01	8.320e-01	7.680e-01	7.680e-01
13	17	9.000e-01	9.000e-01	8.880e-01	9.000e-01	8.880e-01	8.960e-01	8.800e-01	8.920e-01	8.520e-01	8.520e-01	7.960e-01	8.000e-01
13	18	8.920e-01	9.040e-01	8.840e-01	9.040e-01	8.640e-01	8.720e-01	8.480e-01	8.680e-01	8.440e-01	8.480e-01	7.440e-01	7.680e-01
13	19	8.720e-01	9.320e-01	8.480e-01	9.120e-01	8.360e-01	9.080e-01	8.280e-01	8.720e-01	8.240e-01	8.560e-01	7.240e-01	7.560e-01
13	20	8.600e-01	9.200e-01	7.960e-01	9.120e-01	7.960e-01	9.080e-01	7.960e-01	9.080e-01	7.840e-01	8.760e-01	7.600e-01	8.160e-01
14	0	9.240e-01	9.120e-01	8.720e-01	9.080e-01	8.400e-01	8.920e-01	8.280e-01	8.840e-01	7.960e-01	8.600e-01	7.680e-01	8.400e-01
14	1	8.720e-01	8.840e-01	8.720e-01	8.840e-01	8.560e-01	8.840e-01	8.360e-01	8.720e-01	8.320e-01	8.600e-01	7.400e-01	8.160e-01
14	2	8.840e-01	9.040e-01	8.840e-01	9.040e-01	8.600e-01	8.520e-01	8.600e-01	8.520e-01	8.280e-01	8.360e-01	7.720e-01	7.920e-01
14	3	9.040e-01	8.840e-01	8.840e-01	8.800e-01	8.840e-01	8.720e-01	8.360e-01	8.720e-01	7.800e-01	8.680e-01	7.440e-01	8.120e-01
14	4	9.120e-01	9.240e-01	8.560e-01	9.080e-01	8.560e-01	9.040e-01	8.520e-01	9.000e-01	8.360e-01	8.200e-01	7.560e-01	7.680e-01
14	5	9.040e-01	9.120e-01	8.920e-01	9.080e-01	8.800e-01	8.800e-01	8.600e-01	8.600e-01	8.240e-01	8.480e-01	7.400e-01	7.640e-01
14	6	8.640e-01	9.120e-01	8.600e-01	9.080e-01	8.520e-01	8.760e-01	8.480e-01	8.760e-01	8.240e-01	8.520e-01	7.400e-01	7.920e-01
14	7	9.040e-01	8.960e-01	8.960e-01	8.960e-01	8.600e-01	8.480e-01	8.600e-01	8.480e-01	8.160e-01	8.320e-01	7.520e-01	7.720e-01
14	8	9.040e-01	8.920e-01	9.000e-01	8.920e-01	8.760e-01	8.600e-01	8.680e-01	8.520e-01	8.520e-01	8.000e-01	7.560e-01	7.480e-01
14	9	9.120e-01	8.840e-01	9.000e-01	8.520e-01	9.000e-01	8.520e-01	9.000e-01	8.520e-01	8.600e-01	8.000e-01	7.880e-01	7.760e-01
14	10	9.320e-01	9.080e-01	8.880e-01	8.760e-01	8.840e-01	8.760e-01	8.680e-01	8.520e-01	8.520e-01	8.280e-01	7.880e-01	7.520e-01
14	11	9.080e-01	9.000e-01	8.960e-01	8.800e-01	8.800e-01	8.720e-01	8.760e-01	8.520e-01	8.640e-01	8.120e-01	7.960e-01	7.480e-01
14	12	9.240e-01	8.520e-01	9.200e-01	8.480e-01	8.960e-01	8.200e-01	8.840e-01	8.160e-01	8.560e-01	8.000e-01	8.320e-01	7.600e-01
14	13	9.120e-01	9.240e-01	8.680e-01	8.840e-01	8.680e-01	8.840e-01	8.680e-01	8.560e-01	8.480e-01	8.280e-01	7.440e-01	7.640e-01
14	14	8.960e-01	8.880e-01	8.840e-01	8.760e-01	8.720e-01	8.680e-01	8.680e-01	8.640e-01	8.320e-01	8.240e-01	7.480e-01	7.600e-01
14	15	9.080e-01	9.200e-01	8.800e-01	8.720e-01	8.640e-01	8.680e-01	8.640e-01	8.640e-01	8.480e-01	8.560e-01	7.720e-01	7.880e-01
14	16	9.000e-01	9.040e-01	9.000e-01	8.920e-01	8.640e-01	8.880e-01	8.560e-01	8.840e-01	8.200e-01	8.720e-01	7.720e-01	7.840e-01
14	17	9.200e-01	8.960e-01	8.800e-01	8.840e-01	8.800e-01	8.840e-01	8.720e-01	8.840e-01	8.240e-01	8.680e-01	7.520e-01	7.920e-01
14	18	9.000e-01	9.080e-01	8.880e-01	9.040e-01	8.600e-01	8.760e-01	8.440e-01	8.480e-01	8.400e-01	8.400e-01	7.680e-01	7.560e-01
14	19	8.960e-01	9.280e-01	8.920e-01	9.280e-01	8.760e-01	8.600e-01	8.720e-01	8.040e-01	8.640e-01	7.840e-01	7.600e-01	7.680e-01
14	20	8.960e-01	9.080e-01	8.840e-01	9.080e-01	8.560e-01	8.720e-01	8.560e-01	8.720e-01	8.240e-01	8.400e-01	7.960e-01	7.600e-01
15	0	9.120e-01	9.080e-01	9.120e-01	9.080e-01	9.040e-01	8.800e-01	8.640e-01	8.560e-01	8.040e-01	8.320e-01	7.520e-01	8.080e-01
15	1	9.200e-01	9.080e-01	9.040e-01	8.880e-01	8.760e-01	8.800e-01	8.680e-01	8.720e-01	8.520e-01	8.560e-01	7.160e-01	8.040e-01
15	2	9.160e-01	8.800e-01	8.920e-01	8.760e-01	8.880e-01	8.760e-01	8.600e-01	8.440e-01	8.240e-01	8.400e-01	7.480e-01	7.800e-01
15	3	8.920e-01	8.840e-01	8.840e-01	8.760e-01	8.560e-01	8.480e-01	8.560e-01	8.400e-01	8.280e-01	8.120e-01	7.960e-01	7.680e-01
15	4	8.880e-01	9.080e-01	8.480e-01	8.560e-01	8.360e-01	8.520e-01	8.320e-01	8.520e-01	8.320e-01	8.360e-01	7.600e-01	7.720e-01
15	5	8.640e-01	8.960e-01	8.640e-01	8.960e-01	8.640e-01	8.920e-01	8.640e-01	8.920e-01	8.400e-01	8.160e-01	7.640e-01	7.680e-01
15	6	8.880e-01	9.160e-01	8.840e-01	8.840e-01	8.840e-01	8.840e-01	8.560e-01	8.720e-01	8.440e-01	8.600e-01	7.320e-01	7.320e-01
15	7	9.040e-01	8.880e-01	8.720e-01	8.640e-01	8.720e-01	8.640e-01	8.560e-01	8.360e-01	8.320e-01	8.080e-01	7.840e-01	7.640e-01
15	8	8.800e-01	8.760e-01	8.720e-01	8.640e-01	8.680e-01	8.640e-01	8.400e-01	8.440e-01	8.080e-01	8.280e-01	7.600e-01	7.400e-01
15	9	8.920e-01	9.080e-01	8.760e-01	8.760e-01	8.760e-01	8.760e-01	8.600e-01	8.760e-01	8.440e-01	8.400e-01	7.840e-01	7.680e-01
15	10	8.920e-01	9.040e-01	8.920e-01	9.040e-01	8.920e-01	8.640e-01	8.600e-01	8.640e-01	8.600e-01	8.560e-01	8.000e-01	7.640e-01
15	11	9.160e-01	9.360e-01	9.160e-01	8.840e-01	8.800e-01	8.440e-01	8.760e-01	8.320e-01	8.640e-01	8.080e-01	7.720e-01	7.320e-01
15	12	8.880e-01	9.200e-01	8.880e-01	8.800e-01	8.800e-01	8.720e-01	8.680e-01	8.600e-01	8.560e-01	8.000e-01	7.760e-01	7.600e-01
15	13	8.880e-01	9.400e-01	8.840e-01	9.360e-01	8.720e-01	9.160e-01	8.600e-01	8.800e-01	8.360e-01	8.080e-01	7.920e-01	7.600e-01
15	14	9.080e-01	9.200e-01	9.040e-01	9.200e-01	8.720e-01	8.800e-01	8.600e-01	8.800e-01	8.000e-01	8.200e-01	7.520e-01	7.640e-01
15	15	9.080e-01	8.680e-01	9.080e-01	8.640e-01	9.080e-01	8.640e-01	9.040e-01	8.640e-01	8.720e-01	8.520e-01	7.680e-01	7.800e-01
15	16	8.680e-01	9.600e-01	8.560e-01	9.320e-01	8.480e-01	9.280e-01	8.480e-01	9.280e-01	8.200e-01	8.720e-01	7.640e-01	8.040e-01
15	17	8.800e-01	9.080e-01	8.760e-01	9.040e-01	8.760e-01	9.040e-01	8.600e-01	8.920e-01	8.440e-01	8.560e-01	7.320e-01	7.560e-01
15	18	8.600e-01	9.160e-01	8.600e-01	9.000e-01	8.600e-01	9.000e-01	8.480e-01	8.560e-01	8.280e-01	8.320e-01	7.680e-01	7.640e-01
15	19	9.040e-01	8.520e-01	8.760e-01	8.400e-01	8.760e-01	8.400e-01	8.640e-01	8.120e-01	8.120e-01	7.960e-01	7.960e-01	7.400e-01
15	20	9.320e-01	8.760e-01	9.280e-01	8.600e-01	8.880e-01	8.360e-01	8.680e-01	8.240e-01	8.400e-01	8.000e-01	7.800e-01	7.680e-01
16	0	9.120e-01	8.920e-01	9.040e-01	8.800e-01	8.920e-01	8.680e-01	8.680e-01	8.360e-01	8.040e-01	8.240e-01	7.560e-01	7.640e-01
16	1	9.080e-01	9.240e-01	8.920e-01	8.840e-01	8.560e-01	8.680e-01	8.560e-01	8.560e-01	8.240e-01	8.240e-01	7.680e-01	7.720e-01
16	2	8.760e-01	8.840e-01	8.640e-01	8.800e-01	8.640e-01	8.800e-01	8.440e-01	8.720e-01	8.160e-01	8.040e-01	7.560e-01	7.840e-01
16	3	8.760e-01	9.200e-01	8.640e-01	8.880e-01	8.480e-01	8.880e-01	8.320e-01	8.680e-01	8.080e-01	8.200e-01	7.480e-01	7.880e-01
16	4	8.800e-01	8.560e-01	8.800e-01	8.520e-01	8.800e-01	8.480e-01	8.800e-01	8.480e-01	8.200e-01	8.320e-01	7.720e-01	7.720e-01
16	5	8.720e-01	8.560e-01	8.720e-01	8.560e-01	8.720e-01	8.560e-01	8.680e-01	8.360e-01	8.280e-01	8.040e-01	8.080e-01	7.480e-01
16	6	8.880e-01	9.000e-01	8.760e-01	8.880e-01	8.480e-01	8.680e-01	8.360e-01	8.520e-01	8.120e-01	8.360e-01	7.720e-01	7.960e-01
16	7	9.040e-01	8.960e-01	8.880e-01	8.840e-01	8.640e-01	8.760e-01	8.280e-01	8.520e-01	8.280e-01	8.160e-01	7.720e-01	7.280e-01
16	8	8.920e-01	9.120e-01	8.840e-01	8.800e-01	8.640e-01	8.600e-01	8.600e-01	8.600e-01	8.000e-01	8.200e-01	7.880e-01	7.880e-01
16	9	9.120e-01	9.280e-01	8.640e-01	8.920e-01	8.560e-01	8.760e-01	8.440e-01	8.480e-01	8.120e-01	8.120e-01	7.920e-01	7.800e-01
16	10	9.200e-01	8.640e-01	9.200e-01	8.640e-01	9.160e-01	8.640e-01	8.600e-01	8.320e-01	8.440e-01	8.120e-01	8.040e-01	7.600e-01
16	11	9.120e-01	9.280e-01	9.080e-01	9.240e-01	9.080e-01	8.640e-01	9.080e-01	8.600e-01	8.320e-01	8.200e-01	7.880e-01	7.520e-01
16	12	9.040e-01	8.920e-01	9.040e-01	8.680e-01	8.840e-01	8.680e-01	8.800e-01	8.640e-01	8.400e-01	8.160e-01	8.040e-01	7.360e-01
16	13	9.280e-01	9.040e-01	9.000e-01	8.680e-01	8.880e-01	8.640e-01	8.800e-01	8.640e-01	8.520e-01	8.320e-01	7.480e-01	7.480e-01
16	14	8.960e-01	9.120e-01	8.960e-01	9.120e-01	8.640e-01	9.120e-01	8.280e-01	8.920e-01	8.000e-01	8.280e-01	7.680e-01	7.480e-01
16	15	9.080e-01	8.720e-01	9.080e-01	8.720e-01	9.080e-01	8.680e-01	8.840e-01	8.520e-01	8.240e-01	8.120e-01	7.680e-01	7.480e-01
16	16	9.120e-01	8.720e-01	9.120e-01	8.680e-01	8.800e-01	8.600e-01	8.800e-01	8.360e-01	8.760e-01	8.280e-01	8.200e-01	7.680e-01
16	17	8.760e-01	8.880e-01	8.720e-01	8.880e-01	8.720e-01	8.680e-01	8.240e-01	8.520e-01	8.240e-01	8.520e-01	7.640e-01	7.720e-01
16	18	9.240e-01	9.040e-01	8.760e-01	8.760e-01	8.520e-01	8.640e-01	8.480e-01	8.360e-01	8.120e-01	8.320e-01	7.720e-01	7.800e-01
16	19	8.920e-01	8.840e-01	8.560e-01	8.600e-01	8.560e-01	8.560e-01	8.440e-01	8.440e-01	8.240e-01	8.440e-01	7.520e-01	7.680e-01
16	20	8.800e-01	9.040e-01	8.760e-01	9.000e-01	8.560e-01	8.600e-01	8.320e-01	8.480e-01	8.240e-01	8.360e-01	7.760e-01	7.800e-01
17	0	9.080e-01	9.240e-01	8.880e-01	8.880e-01	8.360e-01	8.880e-01	8.320e-01	8.680e-01	8.160e-01	8.360e-01	7.800e-01	7.480e-01
17	1	9.280e-01	9.000e-01	9.160e-01	8.960e-01	8.840e-01	8.800e-01	8.720e-01	8.640e-01	8.560e-01	8.120e-01	7.840e-01	7.400e-01
17	2	9.080e-01	9.240e-01	8.840e-01	9.080e-01	8.440e-01	8.960e-01	8.400e-01	8.920e-01	8.200e-01	8.480e-01	7.360e-01	7.760e-01
17	3	9.000e-01	9.160e-01	8.640e-01	9.080e-01	8.560e-01	8.960e-01	8.080e-01	8.800e-01	7.800e-01	8.640e-01	7.480e-01	7.720e-01
17	4	8.920e-01	9.160e-01	8.920e-01	9.120e-01	8.280e-01	8.720e-01	8.160e-01	8.720e-01	8.040e-01	8.600e-01	7.720e-01	7.720e-01
17	5	9.000e-01	9.240e-01	8.720e-01	8.600e-01	8.720e-01	8.560e-01	8.680e-01	8.560e-01	8.120e-01	8.520e-01	7.720e-01	7.840e-01
17	6	9.040e-01	8.920e-01	8.640e-01	8.720e-01	8.600e-01	8.720e-01	8.440e-01	8.640e-01	8.400e-01	8.600e-01	7.800e-01	7.840e-01
17	7	9.040e-01	9.120e-01	8.960e-01	8.800e-01	8.920e-01	8.800e-01	8.400e-01	8.560e-01	8.240e-01	8.280e-01	7.800e-01	7.800e-01
17	8	8.640e-01	9.240e-01	8.560e-01	8.760e-01	8.520e-01	8.760e-01	8.320e-01	8.400e-01	8.120e-01	8.120e-01	7.960e-01	7.640e-01
17	9	9.160e-01	9.000e-01	9.160e-01	8.960e-01	8.800e-01	8.640e-01	8.520e-01	8.640e-01	8.200e-01	8.160e-01	7.920e-01	7.360e-01
17	10	9.400e-01	9.120e-01	9.280e-01	8.720e-01	9.000e-01	8.560e-01	8.920e-01	8.480e-01	8.280e-01	8.040e-01	7.600e-01	7.640e-01
17	11	9.040e-01	9.240e-01	9.040e-01	9.200e-01	8.880e-01	9.000e-01	8.800e-01	8.720e-01	8.320e-01	8.160e-01	7.680e-01	7.680e-01
17	12	9.080e-01	8.800e-01	9.040e-01	8.640e-01	9.040e-01	8.640e-01	8.800e-01	8.600e-01	8.560e-01	8.280e-01	7.760e-01	7.800e-01
17	13	9.200e-01	8.720e-01	9.160e-01	8.720e-01	8.880e-01	8.480e-01	8.760e-01	8.360e-01	8.480e-01	8.240e-01	7.600e-01	7.680e-01
17	14	8.720e-01	9.240e-01	8.520e-01	9.160e-01	8.480e-01	8.880e-01	8.480e-01	8.640e-01	8.280e-01	8.480e-01	7.680e-01	7.560e-01
17	15	9.080e-01	8.960e-01	8.680e-01	8.880e-01	8.680e-01	8.840e-01	8.360e-01	8.720e-01	8.280e-01	8.480e-01	7.640e-01	7.800e-01
17	16	8.800e-01	8.960e-01	8.800e-01	8.920e-01	8.800e-01	8.880e-01	8.800e-01	8.840e-01	8.200e-01	8.520e-01	7.640e-01	7.920e-01
17	17	8.520e-01	9.040e-01	8.520e-01	8.920e-01	8.160e-01	8.760e-01	8.160e-01	8.720e-01	8.120e-01	8.680e-01	7.360e-01	7.960e-01
17	18	9.000e-01	8.920e-01	8.720e-01	8.840e-01	8.080e-01	8.680e-01	8.080e-01	8.680e-01	8.040e-01	8.600e-01	7.520e-01	8.040e-01
17	19	8.920e-01	9.040e-01	8.560e-01	8.760e-01	8.320e-01	8.440e-01	8.280e-01	8.360e-01	8.280e-01	8.320e-01	7.640e-01	7.400e-01
17	20	9.000e-01	9.040e-01	8.920e-01	9.000e-01	8.560e-01	8.640e-01	8.480e-01	8.520e-01	8.000e-01	8.480e-01	7.640e-01	8.000e-01
18	0	8.840e-01	8.840e-01	8.800e-01	8.760e-01	8.800e-01	8.760e-01	8.360e-01	8.760e-01	8.040e-01	8.560e-01	7.600e-01	7.520e-01
18	1	9.240e-01	9.520e-01	8.960e-01	9.160e-01	8.680e-01	8.720e-01	8.600e-01	8.600e-01	8.440e-01	8.360e-01	7.760e-01	7.360e-01
18	2	9.160e-01	8.760e-01	9.160e-01	8.760e-01	8.800e-01	8.760e-01	8.680e-01	8.560e-01	8.360e-01	8.040e-01	7.800e-01	7.640e-01
18	3	8.920e-01	8.880e-01	8.640e-01	8.560e-01	8.640e-01	8.560e-01	8.640e-01	8.520e-01	8.160e-01	8.120e-01	7.560e-01	7.880e-01
18	4	9.080e-01	8.920e-01	8.440e-01	8.760e-01	8.440e-01	8.760e-01	8.240e-01	8.760e-01	7.960e-01	8.440e-01	7.480e-01	7.880e-01
18	5	8.640e-01	9.000e-01	8.400e-01	8.920e-01	8.360e-01	8.920e-01	8.360e-01	8.880e-01	8.120e-01	8.520e-01	7.360e-01	8.000e-01
18	6	8.680e-01	9.240e-01	8.600e-01	9.040e-01	8.400e-01	8.960e-01	7.960e-01	8.800e-01	7.920e-01	8.760e-01	7.560e-01	7.600e-01
18	7	9.000e-01	8.880e-01	9.000e-01	8.880e-01	8.560e-01	8.880e-01	8.280e-01	8.520e-01	8.120e-01	8.080e-01	7.880e-01	7.920e-01
18	8	8.960e-01	8.840e-01	8.960e-01	8.800e-01	8.800e-01	8.720e-01	8.760e-01	8.640e-01	8.600e-01	8.160e-01	8.080e-01	7.560e-01
18	9	9.200e-01	9.080e-01	8.960e-01	8.640e-01	8.920e-01	8.600e-01	8.880e-01	8.560e-01	8.640e-01	8.400e-01	8.040e-01	7.600e-01
18	10	9.000e-01	9.000e-01	8.840e-01	8.760e-01	8.760e-01	8.760e-01	8.480e-01	8.520e-01	8.360e-01	8.280e-01	7.800e-01	7.760e-01
18	11	8.960e-01	9.280e-01	8.720e-01	9.200e-01	8.720e-01	9.160e-01	8.560e-01	8.720e-01	8.160e-01	8.280e-01	8.040e-01	7.840e-01
18	12	9.000e-01	9.000e-01	8.680e-01	8.520e-01	8.640e-01	8.480e-01	8.640e-01	8.360e-01	8.160e-01	8.280e-01	7.760e-01	7.640e-01
18	13	9.080e-01	9.200e-01	9.080e-01	9.160e-01	8.760e-01	8.560e-01	8.760e-01	8.520e-01	8.200e-01	8.240e-01	7.920e-01	7.440e-01
18	14	9.320e-01	9.240e-01	8.960e-01	8.920e-01	8.680e-01	8.520e-01	8.640e-01	8.480e-01	8.400e-01	8.240e-01	7.320e-01	7.640e-01
18	15	8.960e-01	8.800e-01	8.800e-01	8.760e-01	8.440e-01	8.760e-01	8.400e-01	8.600e-01	8.040e-01	8.160e-01	7.360e-01	7.600e-01
18	16	8.440e-01	9.000e-01	8.400e-01	9.000e-01	8.360e-01	8.960e-01	8.360e-01	8.920e-01	7.920e-01	8.640e-01	7.520e-01	8.240e-01
18	17	8.880e-01	9.080e-01	8.880e-01	9.000e-01	8.520e-01	8.920e-01	8.200e-01	8.800e-01	8.160e-01	8.720e-01	7.440e-01	7.960e-01
18	18	8.920e-01	8.760e-01	8.600e-01	8.760e-01	8.280e-01	8.440e-01	8.240e-01	8.280e-01	8.080e-01	8.040e-01	7.640e-01	7.600e-01
18	19	9.000e-01	9.160e-01	8.760e-01	8.880e-01	8.440e-01	8.640e-01	8.080e-01	8.480e-01	8.080e-01	8.440e-01	7.520e-01	7.880e-01
18	20	9.000e-01	9.200e-01	8.720e-01	8.840e-01	8.560e-01	8.680e-01	8.360e-01	8.480e-01	8.200e-01	8.240e-01	7.560e-01	7.560e-01
19	0	9.280e-01	8.840e-01	9.160e-01	8.720e-01	8.960e-01	8.600e-01	8.920e-01	8.600e-01	8.200e-01	8.080e-01	7.480e-01	7.800e-01
19	1	8.920e-01	9.320e-01	8.880e-01	9.280e-01	8.720e-01	8.560e-01	8.720e-01	8.480e-01	8.280e-01	8.320e-01	7.560e-01	7.800e-01
19	2	9.000e-01	8.960e-01	8.960e-01	8.960e-01	8.640e-01	8.400e-01	8.560e-01	8.240e-01	8.440e-01	7.960e-01	7.600e-01	7.800e-01
19	3	8.760e-01	9.080e-01	8.520e-01	8.880e-01	8.480e-01	8.720e-01	8.280e-01	8.480e-01	7.960e-01	8.160e-01	7.840e-01	7.760e-01
19	4	8.880e-01	8.600e-01	8.800e-01	8.440e-01	8.720e-01	8.440e-01	8.680e-01	8.440e-01	8.200e-01	8.360e-01	7.640e-01	7.880e-01
19	5	9.000e-01	9.000e-01	9.000e-01	8.960e-01	9.000e-01	8.920e-01	8.600e-01	8.520e-01	8.320e-01	8.320e-01	7.680e-01	7.960e-01
19	6	9.040e-01	9.200e-01	9.000e-01	9.040e-01	8.880e-01	8.960e-01	8.160e-01	8.520e-01	8.040e-01	8.320e-01	7.640e-01	7.880e-01
19	7	9.120e-01	9.200e-01	8.880e-01	8.880e-01	8.480e-01	8.840e-01	8.440e-01	8.480e-01	8.160e-01	8.440e-01	7.680e-01	7.720e-01
19	8	9.160e-01	9.080e-01	9.000e-01	8.960e-01	8.880e-01	8.840e-01	8.640e-01	8.520e-01	8.520e-01	8.440e-01	7.760e-01	7.360e-01
19	9	9.240e-01	8.960e-01	9.080e-01	8.800e-01	9.040e-01	8.800e-01	8.800e-01	8.480e-01	8.520e-01	8.440e-01	7.680e-01	7.520e-01
19	10	9.000e-01	8.800e-01	8.960e-01	8.760e-01	8.800e-01	8.720e-01	8.760e-01	8.680e-01	8.600e-01	8.200e-01	8.000e-01	7.720e-01
19	11	8.920e-01	9.200e-01	8.440e-01	9.040e-01	8.440e-01	9.000e-01	8.320e-01	8.840e-01	8.280e-01	8.360e-01	7.400e-01	7.840e-01
19	12	8.840e-01	8.880e-01	8.720e-01	8.840e-01	8.640e-01	8.400e-01	8.640e-01	8.360e-01	8.440e-01	8.200e-01	7.520e-01	7.680e-01
19	13	9.120e-01	9.160e-01	8.680e-01	9.160e-01	8.680e-01	9.120e-01	8.440e-01	8.960e-01	8.240e-01	8.560e-01	7.840e-01	7.560e-01
19	14	8.800e-01	9.240e-01	8.640e-01	9.040e-01	8.560e-01	8.880e-01	8.520e-01	8.440e-01	8.120e-01	8.000e-01	7.840e-01	7.360e-01
19	15	8.880e-01	9.080e-01	8.800e-01	9.040e-01	8.640e-01	8.720e-01	8.600e-01	8.720e-01	8.360e-01	7.680e-01	7.920e-01	7.560e-01
19	16	9.160e-01	8.640e-01	9.080e-01	8.560e-01	9.080e-01	8.560e-01	8.840e-01	8.040e-01	8.840e-01	7.920e-01	7.880e-01	7.280e-01
19	17	9.280e-01	8.840e-01	9.280e-01	8.840e-01	8.480e-01	8.720e-01	8.440e-01	8.520e-01	8.400e-01	8.200e-01	7.800e-01	7.720e-01
19	18	8.880e-01	8.880e-01	8.880e-01	8.880e-01	8.480e-01	8.600e-01	8.480e-01	8.600e-01	8.320e-01	8.280e-01	7.280e-01	7.760e-01
19	19	9.120e-01	9.240e-01	8.920e-01	8.520e-01	8.920e-01	8.520e-01	8.720e-01	8.400e-01	8.440e-01	8.240e-01	7.600e-01	7.600e-01
19	20	9.160e-01	8.920e-01	8.960e-01	8.640e-01	8.560e-01	8.600e-01	8.560e-01	8.600e-01	8.160e-01	8.560e-01	6.960e-01	7.680e-01
20	0	9.200e-01	8.960e-01	9.080e-01	8.960e-01	8.720e-01	8.640e-01	8.360e-01	8.520e-01	8.240e-01	8.520e-01	7.880e-01	7.720e-01
20	1	9.320e-01	9.120e-01	9.280e-01	9.080e-01	8.840e-01	8.840e-01	8.720e-01	8.760e-01	7.880e-01	8.240e-01	7.840e-01	7.800e-01
20	2	8.720e-01	8.880e-01	8.720e-01	8.680e-01	8.560e-01	8.640e-01	8.360e-01	8.600e-01	7.920e-01	8.400e-01	7.760e-01	7.760e-01
20	3	9.240e-01	8.680e-01	8.960e-01	8.600e-01	8.680e-01	8.520e-01	8.640e-01	8.520e-01	7.880e-01	8.360e-01	7.880e-01	7.760e-01
20	4	8.720e-01	9.360e-01	8.720e-01	9.320e-01	8.640e-01	9.280e-01	8.520e-01	9.240e-01	8.120e-01	8.720e-01	7.440e-01	8.040e-01
20	5	9.040e-01	9.040e-01	8.760e-01	8.960e-01	8.760e-01	8.960e-01	8.720e-01	8.680e-01	8.280e-01	8.280e-01	7.360e-01	7.920e-01
20	6	9.240e-01	8.880e-01	9.040e-01	8.840e-01	8.280e-01	8.600e-01	8.240e-01	8.520e-01	8.240e-01	8.400e-01	7.600e-01	7.960e-01
20	7	8.760e-01	8.920e-01	8.720e-01	8.920e-01	8.680e-01	8.720e-01	8.480e-01	8.400e-01	8.320e-01	8.280e-01	7.720e-01	7.600e-01
20	8	8.960e-01	8.960e-01	8.920e-01	8.960e-01	8.880e-01	8.560e-01	8.800e-01	8.520e-01	8.440e-01	8.280e-01	7.800e-01	7.800e-01
20	9	9.320e-01	9.320e-01	9.240e-01	9.200e-01	8.680e-01	8.840e-01	8.560e-01	8.720e-01	8.280e-01	8.560e-01	7.880e-01	7.760e-01
20	10	8.760e-01	8.880e-01	8.720e-01	8.800e-01	8.640e-01	8.760e-01	8.320e-01	8.680e-01	8.080e-01	8.520e-01	7.720e-01	8.160e-01
20	11	9.160e-01	8.960e-01	8.840e-01	8.760e-01	8.840e-01	8.760e-01	8.360e-01	8.440e-01	8.320e-01	8.440e-01	7.760e-01	7.840e-01
20	12	8.880e-01	9.080e-01	8.640e-01	8.920e-01	8.600e-01	8.760e-01	8.600e-01	8.680e-01	8.200e-01	8.440e-01	7.520e-01	7.800e-01
20	13	8.920e-01	8.920e-01	8.800e-01	8.920e-01	8.600e-01	8.520e-01	8.480e-01	8.320e-01	8.360e-01	8.240e-01	7.440e-01	7.680e-01
20	14	8.760e-01	9.040e-01	8.600e-01	8.920e-01	8.560e-01	8.840e-01	8.400e-01	8.600e-01	8.200e-01	8.440e-01	7.640e-01	7.560e-01
20	15	9.120e-01	8.760e-01	9.080e-01	8.760e-01	9.080e-01	8.760e-01	8.880e-01	8.600e-01	8.600e-01	8.440e-01	7.520e-01	7.720e-01
20	16	8.960e-01	9.080e-01	8.960e-01	9.040e-01	8.960e-01	8.920e-01	8.880e-01	8.640e-01	8.400e-01	8.320e-01	7.680e-01	7.680e-01
20	17	9.080e-01	8.840e-01	8.920e-01	8.720e-01	8.880e-01	8.600e-01	8.680e-01	8.200e-01	8.560e-01	8.200e-01	7.720e-01	7.520e-01
20	18	9.000e-01	8.720e-01	8.960e-01	8.720e-01	8.680e-01	8.680e-01	8.560e-01	8.600e-01	8.400e-01	8.040e-01	7.520e-01	7.760e-01
20	19	8.960e-01	9.360e-01	8.720e-01	9.040e-01	8.600e-01	8.960e-01	8.520e-01	8.760e-01	8.240e-01	8.160e-01	7.240e-01	7.800e-01
20	20	9.040e-01	8.840e-01	9.040e-01	8.720e-01	9.040e-01	8.720e-01	8.520e-01	8.520e-01	8.320e-01	8.000e-01	8.080e-01	7.840e-01
