x	y	0.fitness.0.	0.fitness.1.	5000.fitness.0.	5000.fitness.1.	10000.fitness.0.	10000.fitness.1.	15000.fitness.0.	15000.fitness.1.	25000.fitness.0.	25000.fitness.1.	50000.fitness.0.	50000.fitness.1.
0	0	9.200e-01	9.200e-01	9.200e-01	8.800e-01	7.600e-01	8.000e-01	7.600e-01	7.600e-01	6.400e-01	6.800e-01	5.200e-01	4.800e-01
0	1	7.600e-01	9.600e-01	7.600e-01	9.200e-01	7.600e-01	8.800e-01	7.200e-01	6.800e-01	6.400e-01	6.400e-01	4.800e-01	4.800e-01
0	2	9.600e-01	9.200e-01	9.200e-01	8.000e-01	8.400e-01	8.000e-01	7.200e-01	7.600e-01	6.800e-01	6.400e-01	5.600e-01	5.600e-01
0	3	8.000e-01	9.200e-01	7.600e-01	8.800e-01	7.200e-01	8.800e-01	6.800e-01	7.600e-01	6.400e-01	7.200e-01	5.200e-01	4.800e-01
0	4	9.200e-01	9.200e-01	8.800e-01	8.400e-01	7.600e-01	7.600e-01	7.600e-01	7.200e-01	6.800e-01	6.400e-01	4.000e-01	6.000e-01
0	5	8.800e-01	9.200e-01	8.000e-01	8.400e-01	7.600e-01	8.400e-01	7.200e-01	6.800e-01	6.800e-01	6.400e-01	5.600e-01	5.600e-01
0	6	9.600e-01	9.600e-01	8.400e-01	9.200e-01	8.400e-01	8.800e-01	7.600e-01	6.400e-01	7.200e-01	6.000e-01	5.600e-01	5.600e-01
0	7	9.200e-01	7.200e-01	8.400e-01	7.200e-01	7.200e-01	7.200e-01	6.800e-01	6.800e-01	6.800e-01	6.000e-01	6.000e-01	4.800e-01
0	8	9.200e-01	8.400e-01	8.800e-01	7.600e-01	8.800e-01	6.800e-01	8.800e-01	6.400e-01	7.600e-01	6.000e-01	5.600e-01	4.400e-01
0	9	9.200e-01	8.000e-01	8.000e-01	8.000e-01	8.000e-01	8.000e-01	8.000e-01	7.200e-01	5.600e-01	6.800e-01	4.800e-01	6.000e-01
0	10	8.000e-01	9.600e-01	7.600e-01	8.400e-01	7.600e-01	8.400e-01	7.600e-01	8.400e-01	6.800e-01	6.400e-01	5.600e-01	5.200e-01
0	11	9.600e-01	8.800e-01	8.800e-01	8.800e-01	8.400e-01	8.800e-01	6.400e-01	8.400e-01	6.000e-01	8.000e-01	5.200e-01	5.600e-01
0	12	1.000e+00	8.800e-01	1.000e+00	8.800e-01	7.600e-01	8.000e-01	7.200e-01	7.600e-01	6.800e-01	6.800e-01	5.600e-01	6.400e-01
0	13	6.400e-01	9.600e-01	6.400e-01	9.200e-01	6.000e-01	8.000e-01	5.600e-01	8.000e-01	5.600e-01	8.000e-01	5.600e-01	5.200e-01
0	14	8.400e-01	8.800e-01	6.800e-01	8.400e-01	6.800e-01	8.400e-01	6.800e-01	8.400e-01	6.000e-01	6.000e-01	6.000e-01	4.800e-01
0	15	8.800e-01	9.200e-01	8.000e-01	8.400e-01	8.000e-01	8.400e-01	6.800e-01	8.400e-01	5.600e-01	8.400e-01	4.400e-01	6.000e-01
0	16	8.800e-01	8.800e-01	8.400e-01	7.600e-01	8.400e-01	7.200e-01	8.400e-01	5.600e-01	7.200e-01	4.800e-01	6.400e-01	4.800e-01
0	17	9.600e-01	9.200e-01	8.000e-01	7.200e-01	7.200e-01	6.800e-01	7.200e-01	6.400e-01	6.000e-01	6.400e-01	5.200e-01	6.000e-01
0	18	8.800e-01	8.400e-01	7.600e-01	7.200e-01	7.600e-01	6.800e-01	7.600e-01	6.800e-01	6.800e-01	6.800e-01	6.000e-01	5.600e-01
0	19	9.200e-01	9.600e-01	8.400e-01	8.400e-01	8.000e-01	7.600e-01	7.600e-01	7.600e-01	6.800e-01	6.000e-01	5.600e-01	6.000e-01
0	20	9.200e-01	8.800e-01	9.200e-01	8.800e-01	7.600e-01	8.400e-01	7.200e-01	8.000e-01	6.400e-01	6.000e-01	5.600e-01	5.200e-01
1	0	7.600e-01	8.400e-01	7.600e-01	8.400e-01	7.600e-01	6.800e-01	7.600e-01	6.800e-01	6.000e-01	6.800e-01	5.200e-01	5.600e-01
1	1	8.400e-01	8.800e-01	8.400e-01	8.400e-01	7.600e-01	7.600e-01	7.200e-01	7.600e-01	6.400e-01	6.400e-01	6.400e-01	4.800e-01
1	2	8.400e-01	9.600e-01	7.600e-01	9.200e-01	7.200e-01	8.400e-01	7.200e-01	8.000e-01	6.000e-01	7.600e-01	5.200e-01	6.000e-01
1	3	9.200e-01	1.000e+00	8.800e-01	8.400e-01	8.000e-01	8.400e-01	6.800e-01	7.600e-01	6.000e-01	6.000e-01	5.200e-01	5.600e-01
1	4	9.200e-01	8.400e-01	9.200e-01	8.400e-01	8.400e-01	8.000e-01	8.000e-01	7.200e-01	7.600e-01	5.200e-01	6.000e-01	5.200e-01
1	5	9.200e-01	8.400e-01	8.400e-01	8.000e-01	8.400e-01	8.000e-01	7.200e-01	6.400e-01	6.400e-01	5.600e-01	5.600e-01	5.600e-01
1	6	8.400e-01	9.200e-01	8.000e-01	9.200e-01	6.400e-01	8.000e-01	6.400e-01	8.000e-01	6.400e-01	6.800e-01	4.800e-01	6.400e-01
1	7	7.600e-01	9.200e-01	7.600e-01	8.800e-01	7.600e-01	8.800e-01	6.400e-01	8.400e-01	6.400e-01	7.600e-01	5.200e-01	4.400e-01
1	8	8.800e-01	8.800e-01	8.000e-01	8.400e-01	8.000e-01	7.600e-01	6.800e-01	6.000e-01	6.800e-01	6.000e-01	4.800e-01	5.200e-01
1	9	9.200e-01	8.400e-01	8.400e-01	8.000e-01	8.400e-01	8.000e-01	7.600e-01	6.800e-01	7.200e-01	6.400e-01	6.000e-01	5.200e-01
1	10	1.000e+00	8.000e-01	9.600e-01	8.000e-01	9.200e-01	7.200e-01	8.800e-01	6.800e-01	7.200e-01	5.600e-01	4.800e-01	5.200e-01
1	11	7.600e-01	8.400e-01	7.600e-01	8.400e-01	7.200e-01	8.400e-01	6.800e-01	8.000e-01	5.200e-01	6.400e-01	4.400e-01	6.400e-01
1	12	7.600e-01	9.200e-01	6.000e-01	9.200e-01	5.600e-01	8.800e-01	5.200e-01	8.400e-01	4.800e-01	8.000e-01	4.800e-01	6.800e-01
1	13	1.000e+00	9.600e-01	8.400e-01	8.400e-01	8.400e-01	7.600e-01	8.000e-01	6.000e-01	6.400e-01	5.600e-01	6.000e-01	5.600e-01
1	14	9.200e-01	9.200e-01	8.800e-01	8.400e-01	8.000e-01	6.800e-01	8.000e-01	6.800e-01	8.000e-01	5.600e-01	6.000e-01	4.800e-01
1	15	8.800e-01	9.200e-01	7.600e-01	8.000e-01	6.800e-01	8.000e-01	6.800e-01	8.000e-01	6.800e-01	7.200e-01	6.000e-01	5.600e-01
1	16	9.200e-01	9.200e-01	8.000e-01	9.200e-01	7.600e-01	7.200e-01	7.600e-01	7.200e-01	6.800e-01	6.000e-01	6.000e-01	4.800e-01
1	17	9.600e-01	1.000e+00	8.800e-01	9.200e-01	7.200e-01	7.600e-01	7.200e-01	7.600e-01	6.000e-01	6.400e-01	6.000e-01	4.400e-01
1	18	8.800e-01	8.400e-01	8.400e-01	7.200e-01	8.400e-01	7.200e-01	8.000e-01	7.200e-01	6.400e-01	5.600e-01	6.000e-01	4.800e-01
1	19	8.400e-01	8.400e-01	8.400e-01	8.400e-01	8.000e-01	8.000e-01	6.800e-01	8.000e-01	6.400e-01	6.400e-01	5.200e-01	5.200e-01
1	20	8.800e-01	1.000e+00	8.800e-01	8.000e-01	8.000e-01	8.000e-01	8.000e-01	7.200e-01	7.600e-01	6.000e-01	6.400e-01	4.000e-01
2	0	9.600e-01	8.000e-01	9.200e-01	7.600e-01	9.200e-01	7.200e-01	8.000e-01	6.400e-01	7.200e-01	5.600e-01	6.000e-01	5.600e-01
2	1	9.200e-01	8.800e-01	9.200e-01	8.000e-01	8.400e-01	6.800e-01	7.200e-01	6.800e-01	6.400e-01	5.600e-01	6.000e-01	5.200e-01
2	2	8.800e-01	8.800e-01	8.400e-01	8.800e-01	6.800e-01	8.400e-01	6.800e-01	7.600e-01	6.000e-01	7.200e-01	4.800e-01	6.000e-01
2	3	8.800e-01	7.600e-01	8.800e-01	7.600e-01	8.000e-01	7.600e-01	7.200e-01	7.600e-01	6.800e-01	6.400e-01	6.000e-01	5.200e-01
2	4	9.600e-01	8.400e-01	8.800e-01	8.400e-01	7.200e-01	7.600e-01	7.200e-01	7.600e-01	5.200e-01	7.200e-01	5.200e-01	5.600e-01
2	5	9.600e-01	1.000e+00	7.200e-01	8.000e-01	7.200e-01	7.200e-01	7.200e-01	6.800e-01	6.400e-01	5.600e-01	4.800e-01	5.200e-01
2	6	9.600e-01	8.400e-01	9.600e-01	8.000e-01	8.800e-01	7.600e-01	8.800e-01	6.800e-01	8.000e-01	6.000e-01	7.200e-01	3.600e-01
2	7	9.200e-01	8.800e-01	8.800e-01	8.400e-01	8.800e-01	7.200e-01	7.600e-01	6.800e-01	6.800e-01	6.800e-01	6.400e-01	5.200e-01
2	8	8.800e-01	8.400e-01	8.800e-01	8.400e-01	8.800e-01	8.400e-01	7.600e-01	6.800e-01	6.800e-01	6.400e-01	5.600e-01	4.400e-01
2	9	9.600e-01	1.000e+00	8.800e-01	8.000e-01	8.800e-01	7.200e-01	8.000e-01	6.800e-01	5.600e-01	6.000e-01	4.800e-01	5.600e-01
2	10	8.800e-01	9.200e-01	8.400e-01	8.800e-01	8.000e-01	7.200e-01	8.000e-01	6.800e-01	6.400e-01	6.800e-01	5.200e-01	5.600e-01
2	11	8.400e-01	8.400e-01	7.200e-01	8.400e-01	7.200e-01	8.400e-01	6.800e-01	7.600e-01	6.000e-01	6.000e-01	5.600e-01	5.600e-01
2	12	1.000e+00	8.400e-01	8.800e-01	7.600e-01	8.800e-01	7.600e-01	8.000e-01	6.800e-01	8.000e-01	5.200e-01	7.600e-01	3.600e-01
2	13	9.200e-01	1.000e+00	9.200e-01	8.800e-01	9.200e-01	7.200e-01	8.000e-01	6.800e-01	7.200e-01	6.000e-01	6.800e-01	5.200e-01
2	14	9.200e-01	8.800e-01	8.400e-01	8.400e-01	8.400e-01	6.800e-01	8.400e-01	6.400e-01	7.600e-01	6.400e-01	6.000e-01	5.200e-01
2	15	8.400e-01	9.200e-01	8.000e-01	8.400e-01	7.200e-01	7.600e-01	6.800e-01	7.600e-01	6.800e-01	6.400e-01	6.000e-01	5.200e-01
2	16	9.200e-01	8.800e-01	8.400e-01	8.400e-01	8.000e-01	7.200e-01	7.600e-01	6.400e-01	6.800e-01	6.000e-01	6.400e-01	4.000e-01
2	17	8.800e-01	8.400e-01	8.400e-01	8.400e-01	8.000e-01	8.400e-01	7.600e-01	7.600e-01	6.400e-01	5.600e-01	6.400e-01	4.400e-01
2	18	8.800e-01	9.600e-01	8.000e-01	9.200e-01	7.200e-01	7.600e-01	7.200e-01	7.600e-01	6.400e-01	5.600e-01	6.400e-01	4.800e-01
2	19	9.200e-01	8.800e-01	8.000e-01	7.200e-01	8.000e-01	7.200e-01	8.000e-01	6.400e-01	7.200e-01	6.000e-01	5.200e-01	4.400e-01
2	20	9.200e-01	8.000e-01	9.200e-01	7.200e-01	9.200e-01	7.200e-01	8.400e-01	7.200e-01	7.200e-01	6.800e-01	5.600e-01	4.800e-01
3	0	8.400e-01	9.600e-01	7.200e-01	8.800e-01	7.200e-01	8.400e-01	6.800e-01	7.200e-01	6.000e-01	7.200e-01	5.200e-01	6.000e-01
3	1	8.800e-01	8.800e-01	8.000e-01	7.600e-01	7.200e-01	7.600e-01	6.800e-01	7.200e-01	6.400e-01	7.200e-01	4.800e-01	6.400e-01
3	2	8.400e-01	9.200e-01	8.000e-01	9.200e-01	7.600e-01	8.800e-01	6.400e-01	7.200e-01	6.400e-01	6.000e-01	5.600e-01	5.200e-01
3	3	9.200e-01	9.200e-01	8.400e-01	7.200e-01	7.200e-01	6.400e-01	7.200e-01	6.400e-01	6.400e-01	6.000e-01	5.600e-01	4.800e-01
3	4	8.400e-01	8.000e-01	8.000e-01	8.000e-01	8.000e-01	7.600e-01	8.000e-01	6.400e-01	7.200e-01	5.600e-01	5.600e-01	4.800e-01
3	5	8.800e-01	8.400e-01	8.800e-01	8.400e-01	8.800e-01	8.000e-01	6.800e-01	6.400e-01	5.600e-01	6.000e-01	5.600e-01	4.400e-01
3	6	9.200e-01	8.800e-01	8.000e-01	8.000e-01	8.000e-01	7.600e-01	7.600e-01	6.800e-01	5.600e-01	6.000e-01	4.800e-01	5.600e-01
3	7	9.200e-01	9.600e-01	8.400e-01	8.800e-01	8.400e-01	8.400e-01	7.200e-01	8.400e-01	6.000e-01	6.800e-01	4.400e-01	6.800e-01
3	8	9.200e-01	1.000e+00	8.800e-01	8.800e-01	8.400e-01	7.600e-01	8.400e-01	7.200e-01	8.000e-01	6.400e-01	5.600e-01	4.800e-01
3	9	9.600e-01	9.200e-01	8.000e-01	8.400e-01	7.600e-01	8.000e-01	7.200e-01	7.600e-01	6.000e-01	6.000e-01	4.800e-01	5.200e-01
3	10	8.800e-01	8.800e-01	7.200e-01	8.400e-01	6.800e-01	7.600e-01	6.800e-01	7.600e-01	6.000e-01	6.800e-01	4.400e-01	6.000e-01
3	11	9.200e-01	9.200e-01	8.400e-01	8.400e-01	7.600e-01	6.800e-01	7.200e-01	6.400e-01	6.000e-01	6.000e-01	5.600e-01	5.200e-01
3	12	9.200e-01	8.800e-01	9.200e-01	7.600e-01	8.800e-01	7.200e-01	8.400e-01	7.200e-01	8.000e-01	4.800e-01	7.200e-01	4.000e-01
3	13	1.000e+00	9.200e-01	8.800e-01	8.800e-01	8.000e-01	7.200e-01	8.000e-01	7.200e-01	8.000e-01	4.800e-01	6.800e-01	4.000e-01
3	14	9.600e-01	8.000e-01	9.600e-01	6.000e-01	9.200e-01	5.200e-01	9.200e-01	5.200e-01	8.800e-01	4.400e-01	8.000e-01	3.600e-01
3	15	9.200e-01	9.200e-01	8.800e-01	8.400e-01	8.800e-01	8.400e-01	8.800e-01	8.000e-01	7.200e-01	6.800e-01	5.600e-01	5.600e-01
3	16	9.600e-01	8.800e-01	9.200e-01	8.800e-01	8.400e-01	8.400e-01	6.800e-01	6.400e-01	6.800e-01	6.400e-01	6.800e-01	4.800e-01
3	17	9.200e-01	8.800e-01	9.200e-01	7.600e-01	9.200e-01	7.200e-01	8.400e-01	6.800e-01	8.000e-01	6.400e-01	6.400e-01	3.600e-01
3	18	8.400e-01	9.600e-01	8.000e-01	9.600e-01	6.400e-01	7.600e-01	6.400e-01	7.600e-01	5.600e-01	7.600e-01	4.800e-01	5.600e-01
3	19	9.200e-01	9.200e-01	8.000e-01	8.000e-01	7.200e-01	6.800e-01	7.200e-01	6.800e-01	6.800e-01	6.000e-01	5.600e-01	5.200e-01
3	20	9.200e-01	9.600e-01	8.000e-01	9.200e-01	7.600e-01	7.600e-01	7.600e-01	7.600e-01	7.200e-01	6.800e-01	6.400e-01	5.600e-01
4	0	8.400e-01	9.600e-01	8.000e-01	9.200e-01	8.000e-01	7.200e-01	6.800e-01	6.800e-01	6.800e-01	6.800e-01	4.400e-01	6.000e-01
4	1	8.800e-01	8.800e-01	8.000e-01	8.800e-01	7.200e-01	8.000e-01	7.200e-01	7.600e-01	7.200e-01	6.800e-01	5.600e-01	4.400e-01
4	2	9.600e-01	8.800e-01	9.600e-01	8.800e-01	8.400e-01	8.400e-01	6.400e-01	8.000e-01	6.000e-01	7.200e-01	5.200e-01	5.600e-01
4	3	8.800e-01	9.600e-01	8.400e-01	8.800e-01	8.400e-01	8.000e-01	6.800e-01	6.400e-01	6.400e-01	6.000e-01	4.400e-01	5.600e-01
4	4	8.400e-01	9.600e-01	8.000e-01	8.800e-01	8.000e-01	8.000e-01	8.000e-01	6.400e-01	6.400e-01	5.600e-01	5.600e-01	4.800e-01
4	5	9.600e-01	9.600e-01	8.400e-01	8.400e-01	8.400e-01	7.200e-01	7.200e-01	7.200e-01	6.400e-01	5.600e-01	5.200e-01	4.800e-01
4	6	9.200e-01	7.200e-01	8.800e-01	7.200e-01	8.800e-01	7.200e-01	7.200e-01	6.800e-01	6.400e-01	6.000e-01	6.400e-01	4.800e-01
4	7	8.800e-01	8.400e-01	8.800e-01	8.000e-01	8.400e-01	7.600e-01	7.200e-01	7.200e-01	7.200e-01	6.800e-01	6.400e-01	4.800e-01
4	8	8.800e-01	8.800e-01	8.800e-01	8.800e-01	8.000e-01	8.400e-01	8.000e-01	7.200e-01	6.800e-01	5.200e-01	6.400e-01	4.400e-01
4	9	8.800e-01	8.000e-01	8.000e-01	7.600e-01	8.000e-01	7.600e-01	5.600e-01	7.600e-01	5.600e-01	6.400e-01	4.400e-01	6.000e-01
4	10	8.400e-01	9.600e-01	8.000e-01	7.600e-01	8.000e-01	7.600e-01	5.200e-01	7.200e-01	4.800e-01	6.000e-01	4.800e-01	5.200e-01
4	11	9.200e-01	9.200e-01	8.400e-01	8.400e-01	7.200e-01	8.400e-01	6.800e-01	5.600e-01	6.800e-01	4.800e-01	6.000e-01	4.000e-01
4	12	9.600e-01	9.200e-01	8.000e-01	9.200e-01	6.800e-01	9.200e-01	6.400e-01	8.800e-01	6.400e-01	6.800e-01	5.600e-01	5.600e-01
4	13	8.800e-01	8.800e-01	8.400e-01	8.400e-01	7.600e-01	8.000e-01	7.200e-01	8.000e-01	6.400e-01	7.600e-01	5.600e-01	4.400e-01
4	14	9.200e-01	9.200e-01	8.400e-01	8.800e-01	7.600e-01	8.000e-01	7.200e-01	8.000e-01	6.400e-01	5.600e-01	5.600e-01	4.800e-01
4	15	9.600e-01	7.200e-01	9.600e-01	7.200e-01	9.600e-01	7.200e-01	9.200e-01	6.000e-01	8.800e-01	6.000e-01	7.600e-01	3.600e-01
4	16	9.600e-01	8.400e-01	9.200e-01	8.000e-01	8.400e-01	7.600e-01	7.600e-01	6.400e-01	7.200e-01	6.000e-01	6.000e-01	4.800e-01
4	17	9.200e-01	9.200e-01	8.800e-01	8.800e-01	8.800e-01	8.800e-01	7.600e-01	6.400e-01	6.400e-01	6.400e-01	6.000e-01	4.800e-01
4	18	8.800e-01	8.000e-01	8.800e-01	8.000e-01	7.600e-01	7.600e-01	6.400e-01	7.200e-01	6.000e-01	7.200e-01	4.800e-01	5.600e-01
4	19	8.800e-01	9.600e-01	8.000e-01	8.800e-01	7.600e-01	8.400e-01	7.600e-01	8.400e-01	6.400e-01	7.200e-01	5.600e-01	4.800e-01
4	20	8.800e-01	9.600e-01	8.400e-01	9.200e-01	6.400e-01	8.000e-01	6.400e-01	7.200e-01	6.400e-01	6.000e-01	5.600e-01	5.200e-01
5	0	9.200e-01	9.200e-01	7.600e-01	9.200e-01	7.200e-01	8.800e-01	5.600e-01	8.000e-01	4.800e-01	7.600e-01	4.800e-01	6.000e-01
5	1	8.400e-01	9.200e-01	8.000e-01	8.800e-01	7.200e-01	8.400e-01	6.400e-01	8.400e-01	6.000e-01	8.000e-01	4.000e-01	6.000e-01
5	2	8.000e-01	8.800e-01	7.600e-01	8.800e-01	7.600e-01	8.800e-01	5.200e-01	8.000e-01	5.200e-01	7.600e-01	4.800e-01	5.600e-01
5	3	8.000e-01	8.400e-01	7.200e-01	8.400e-01	7.200e-01	8.400e-01	6.800e-01	8.000e-01	6.800e-01	6.400e-01	4.800e-01	5.600e-01
5	4	1.000e+00	8.400e-01	1.000e+00	8.000e-01	9.200e-01	8.000e-01	8.000e-01	6.800e-01	6.400e-01	6.000e-01	4.800e-01	5.200e-01
5	5	9.200e-01	9.200e-01	9.200e-01	8.800e-01	8.000e-01	8.000e-01	6.800e-01	7.600e-01	6.000e-01	7.200e-01	4.800e-01	5.200e-01
5	6	8.000e-01	8.800e-01	6.800e-01	8.400e-01	6.800e-01	7.200e-01	6.800e-01	7.200e-01	6.000e-01	6.400e-01	4.800e-01	5.200e-01
5	7	8.400e-01	9.200e-01	8.400e-01	8.800e-01	6.800e-01	8.000e-01	6.400e-01	8.000e-01	5.600e-01	6.800e-01	5.200e-01	6.800e-01
5	8	7.200e-01	8.800e-01	7.200e-01	8.800e-01	6.800e-01	7.600e-01	6.800e-01	7.600e-01	6.000e-01	6.400e-01	5.200e-01	4.800e-01
5	9	9.600e-01	9.200e-01	9.600e-01	8.400e-01	8.400e-01	8.000e-01	8.000e-01	6.800e-01	7.200e-01	5.600e-01	6.800e-01	4.400e-01
5	10	8.400e-01	9.200e-01	8.400e-01	8.800e-01	6.800e-01	8.000e-01	6.800e-01	6.000e-01	6.000e-01	6.000e-01	5.600e-01	4.400e-01
5	11	8.800e-01	9.600e-01	8.000e-01	9.200e-01	7.600e-01	8.800e-01	6.400e-01	7.600e-01	5.200e-01	7.600e-01	4.000e-01	7.600e-01
5	12	8.800e-01	8.400e-01	8.800e-01	8.400e-01	8.400e-01	8.000e-01	8.400e-01	8.000e-01	7.600e-01	6.000e-01	5.200e-01	4.800e-01
5	13	8.400e-01	9.600e-01	8.000e-01	8.800e-01	8.000e-01	7.600e-01	8.000e-01	7.600e-01	5.600e-01	5.600e-01	5.600e-01	4.800e-01
5	14	9.600e-01	1.000e+00	8.400e-01	8.400e-01	8.000e-01	8.000e-01	7.200e-01	7.600e-01	6.000e-01	6.000e-01	6.000e-01	4.000e-01
5	15	8.800e-01	8.400e-01	8.800e-01	8.000e-01	8.400e-01	7.600e-01	7.600e-01	6.000e-01	7.600e-01	5.600e-01	6.000e-01	4.000e-01
5	16	8.800e-01	1.000e+00	8.400e-01	8.400e-01	8.000e-01	8.400e-01	7.600e-01	8.000e-01	7.600e-01	5.600e-01	6.800e-01	4.400e-01
5	17	1.000e+00	8.800e-01	8.400e-01	8.400e-01	8.000e-01	8.000e-01	8.000e-01	7.600e-01	6.800e-01	6.800e-01	5.600e-01	4.800e-01
5	18	9.200e-01	8.800e-01	8.400e-01	8.400e-01	8.000e-01	7.600e-01	8.000e-01	6.800e-01	6.800e-01	6.000e-01	5.600e-01	4.800e-01
5	19	9.200e-01	8.800e-01	9.200e-01	8.800e-01	8.800e-01	7.200e-01	6.400e-01	6.800e-01	6.000e-01	6.400e-01	4.800e-01	5.600e-01
5	20	8.000e-01	8.800e-01	8.000e-01	8.400e-01	8.000e-01	8.400e-01	7.200e-01	8.000e-01	7.200e-01	7.600e-01	4.800e-01	6.400e-01
6	0	8.800e-01	9.200e-01	8.800e-01	8.400e-01	7.200e-01	7.600e-01	7.200e-01	7.600e-01	4.800e-01	6.400e-01	4.800e-01	6.400e-01
6	1	8.400e-01	8.800e-01	6.800e-01	8.400e-01	6.800e-01	8.000e-01	6.800e-01	8.000e-01	4.800e-01	7.600e-01	4.400e-01	6.000e-01
6	2	8.800e-01	8.000e-01	8.800e-01	7.600e-01	8.000e-01	7.600e-01	6.800e-01	7.600e-01	6.000e-01	6.800e-01	5.600e-01	6.000e-01
6	3	8.800e-01	9.200e-01	8.000e-01	9.200e-01	8.000e-01	8.000e-01	6.400e-01	7.600e-01	4.800e-01	7.200e-01	4.400e-01	6.000e-01
6	4	9.600e-01	9.600e-01	8.000e-01	8.800e-01	8.000e-01	8.800e-01	7.600e-01	8.000e-01	6.400e-01	6.400e-01	4.800e-01	6.000e-01
6	5	8.800e-01	8.800e-01	8.800e-01	8.800e-01	7.200e-01	8.000e-01	7.200e-01	8.000e-01	5.200e-01	7.600e-01	4.400e-01	6.800e-01
6	6	8.800e-01	8.800e-01	7.600e-01	8.400e-01	7.200e-01	8.400e-01	6.800e-01	7.600e-01	5.600e-01	7.200e-01	4.800e-01	6.000e-01
6	7	9.200e-01	8.400e-01	8.800e-01	8.000e-01	7.600e-01	7.200e-01	7.600e-01	7.200e-01	6.000e-01	6.000e-01	6.000e-01	4.400e-01
6	8	9.200e-01	9.600e-01	7.600e-01	8.400e-01	6.800e-01	8.400e-01	6.800e-01	7.200e-01	6.400e-01	6.000e-01	4.800e-01	5.200e-01
6	9	8.000e-01	8.400e-01	7.600e-01	8.400e-01	7.600e-01	7.600e-01	7.200e-01	6.400e-01	6.800e-01	6.000e-01	5.600e-01	4.800e-01
6	10	9.200e-01	8.000e-01	9.200e-01	7.600e-01	8.400e-01	6.800e-01	7.200e-01	6.400e-01	6.400e-01	6.000e-01	5.600e-01	5.200e-01
6	11	9.200e-01	9.200e-01	9.200e-01	8.400e-01	9.200e-01	7.600e-01	8.800e-01	6.400e-01	6.800e-01	4.400e-01	6.800e-01	4.000e-01
6	12	8.800e-01	8.400e-01	8.800e-01	8.400e-01	8.800e-01	8.000e-01	8.800e-01	8.000e-01	4.400e-01	7.200e-01	4.000e-01	7.200e-01
6	13	8.800e-01	9.200e-01	8.000e-01	8.800e-01	8.000e-01	7.200e-01	7.600e-01	6.800e-01	7.600e-01	6.800e-01	4.800e-01	5.200e-01
6	14	9.200e-01	8.800e-01	8.400e-01	8.000e-01	7.600e-01	7.600e-01	7.600e-01	7.600e-01	7.600e-01	6.400e-01	6.800e-01	4.000e-01
6	15	9.200e-01	8.000e-01	9.200e-01	7.200e-01	8.000e-01	7.200e-01	8.000e-01	7.200e-01	6.800e-01	6.400e-01	6.400e-01	4.400e-01
6	16	1.000e+00	8.400e-01	8.800e-01	7.200e-01	8.400e-01	6.000e-01	8.000e-01	6.000e-01	7.600e-01	6.000e-01	6.400e-01	5.200e-01
6	17	9.600e-01	9.600e-01	8.800e-01	8.800e-01	7.600e-01	8.000e-01	6.000e-01	8.000e-01	6.000e-01	7.200e-01	5.200e-01	5.200e-01
6	18	9.600e-01	9.200e-01	8.400e-01	8.400e-01	6.800e-01	8.000e-01	6.800e-01	8.000e-01	6.000e-01	6.800e-01	4.400e-01	6.000e-01
6	19	8.400e-01	8.000e-01	8.400e-01	7.200e-01	8.400e-01	6.800e-01	8.400e-01	6.800e-01	7.600e-01	5.200e-01	7.200e-01	4.400e-01
6	20	8.800e-01	9.600e-01	8.000e-01	9.600e-01	6.800e-01	9.600e-01	6.000e-01	8.800e-01	5.600e-01	8.000e-01	4.800e-01	6.400e-01
7	0	9.200e-01	8.800e-01	8.400e-01	8.400e-01	8.400e-01	8.400e-01	8.000e-01	7.600e-01	7.600e-01	7.200e-01	4.800e-01	6.400e-01
7	1	8.800e-01	8.000e-01	7.600e-01	8.000e-01	7.600e-01	8.000e-01	6.800e-01	7.600e-01	5.600e-01	6.800e-01	5.600e-01	6.000e-01
7	2	7.200e-01	7.600e-01	7.200e-01	7.600e-01	7.200e-01	7.600e-01	5.600e-01	7.200e-01	5.200e-01	6.800e-01	4.800e-01	6.000e-01
7	3	9.600e-01	8.800e-01	8.800e-01	8.400e-01	8.400e-01	7.600e-01	7.600e-01	7.600e-01	6.800e-01	6.800e-01	6.400e-01	5.200e-01
7	4	8.800e-01	9.600e-01	8.800e-01	9.200e-01	8.400e-01	8.800e-01	7.200e-01	8.000e-01	5.600e-01	6.800e-01	4.000e-01	5.600e-01
7	5	1.000e+00	7.600e-01	1.000e+00	7.600e-01	9.200e-01	7.200e-01	9.200e-01	6.800e-01	8.800e-01	6.000e-01	6.800e-01	5.600e-01
7	6	9.200e-01	8.400e-01	8.400e-01	7.600e-01	7.600e-01	6.800e-01	7.600e-01	6.800e-01	7.600e-01	6.800e-01	5.600e-01	5.200e-01
7	7	8.800e-01	9.600e-01	8.800e-01	8.800e-01	7.200e-01	8.000e-01	6.800e-01	8.000e-01	4.800e-01	7.200e-01	4.800e-01	6.400e-01
7	8	9.200e-01	8.400e-01	8.800e-01	7.600e-01	8.800e-01	6.800e-01	8.000e-01	6.400e-01	8.000e-01	6.400e-01	6.000e-01	4.400e-01
7	9	9.600e-01	9.200e-01	8.400e-01	8.000e-01	8.400e-01	7.200e-01	7.600e-01	6.400e-01	7.600e-01	5.600e-01	5.600e-01	5.200e-01
7	10	9.200e-01	1.000e+00	8.000e-01	7.600e-01	7.600e-01	7.600e-01	6.800e-01	7.600e-01	5.600e-01	6.400e-01	4.400e-01	5.600e-01
7	11	9.200e-01	8.800e-01	9.200e-01	7.600e-01	8.400e-01	7.200e-01	8.400e-01	7.200e-01	7.600e-01	6.000e-01	6.800e-01	4.800e-01
7	12	1.000e+00	8.800e-01	9.600e-01	7.200e-01	8.400e-01	7.200e-01	8.400e-01	6.800e-01	8.000e-01	6.800e-01	5.600e-01	5.200e-01
7	13	9.200e-01	1.000e+00	8.400e-01	9.600e-01	7.200e-01	9.600e-01	7.200e-01	8.800e-01	6.800e-01	6.800e-01	4.400e-01	6.800e-01
7	14	8.800e-01	8.400e-01	8.800e-01	8.000e-01	8.000e-01	7.600e-01	7.200e-01	7.200e-01	6.800e-01	6.800e-01	5.600e-01	5.600e-01
7	15	9.200e-01	9.200e-01	8.400e-01	9.200e-01	7.600e-01	8.000e-01	7.200e-01	7.200e-01	7.200e-01	6.000e-01	5.600e-01	5.200e-01
7	16	8.800e-01	8.800e-01	8.400e-01	8.800e-01	7.600e-01	8.800e-01	7.600e-01	6.800e-01	7.200e-01	6.000e-01	5.600e-01	5.200e-01
7	17	8.800e-01	9.200e-01	8.800e-01	9.200e-01	8.000e-01	8.400e-01	6.800e-01	8.000e-01	6.800e-01	7.200e-01	5.600e-01	4.800e-01
7	18	9.600e-01	9.600e-01	7.600e-01	8.400e-01	7.200e-01	8.400e-01	7.200e-01	8.400e-01	5.600e-01	7.200e-01	5.600e-01	6.800e-01
7	19	8.400e-01	1.000e+00	8.000e-01	8.000e-01	7.600e-01	6.800e-01	7.600e-01	6.800e-01	6.400e-01	5.200e-01	6.000e-01	4.800e-01
7	20	9.600e-01	9.200e-01	7.200e-01	9.200e-01	6.400e-01	7.600e-01	6.000e-01	7.600e-01	5.200e-01	6.800e-01	4.800e-01	6.800e-01
8	0	9.200e-01	9.600e-01	8.000e-01	9.200e-01	7.200e-01	9.200e-01	6.800e-01	8.400e-01	6.400e-01	6.800e-01	4.800e-01	5.200e-01
8	1	8.800e-01	8.800e-01	8.800e-01	8.800e-01	8.400e-01	8.400e-01	8.000e-01	7.600e-01	6.800e-01	6.000e-01	5.600e-01	4.400e-01
8	2	9.600e-01	9.600e-01	9.200e-01	8.400e-01	8.800e-01	8.000e-01	7.200e-01	6.000e-01	5.600e-01	5.200e-01	5.200e-01	4.800e-01
8	3	9.600e-01	8.800e-01	8.800e-01	8.800e-01	8.400e-01	6.800e-01	6.400e-01	6.800e-01	6.000e-01	6.800e-01	4.800e-01	5.600e-01
8	4	8.800e-01	8.800e-01	8.400e-01	8.400e-01	7.600e-01	7.200e-01	7.600e-01	6.800e-01	7.600e-01	6.800e-01	4.400e-01	6.000e-01
8	5	9.600e-01	9.200e-01	8.800e-01	8.400e-01	7.600e-01	8.000e-01	7.600e-01	6.400e-01	7.600e-01	6.000e-01	5.200e-01	5.600e-01
8	6	9.200e-01	9.600e-01	7.600e-01	7.600e-01	7.600e-01	6.800e-01	7.600e-01	6.800e-01	5.600e-01	6.400e-01	4.400e-01	6.400e-01
8	7	8.000e-01	9.200e-01	7.600e-01	8.800e-01	7.200e-01	8.400e-01	6.000e-01	8.000e-01	4.000e-01	7.200e-01	4.000e-01	6.800e-01
8	8	8.400e-01	8.800e-01	7.600e-01	8.800e-01	6.800e-01	8.400e-01	6.000e-01	8.400e-01	6.000e-01	7.200e-01	5.200e-01	5.200e-01
8	9	8.000e-01	9.200e-01	7.600e-01	8.400e-01	7.600e-01	7.200e-01	7.600e-01	7.200e-01	6.400e-01	6.000e-01	4.800e-01	5.600e-01
8	10	8.400e-01	9.200e-01	7.600e-01	8.800e-01	7.600e-01	8.800e-01	6.800e-01	7.200e-01	5.600e-01	7.200e-01	4.400e-01	6.000e-01
8	11	9.600e-01	1.000e+00	8.400e-01	8.000e-01	8.400e-01	8.000e-01	8.000e-01	7.600e-01	6.000e-01	6.000e-01	5.200e-01	5.200e-01
8	12	9.600e-01	8.800e-01	9.200e-01	8.000e-01	8.400e-01	7.200e-01	8.400e-01	7.200e-01	7.200e-01	6.400e-01	5.600e-01	5.200e-01
8	13	1.000e+00	8.400e-01	9.200e-01	7.600e-01	9.200e-01	7.600e-01	8.400e-01	7.200e-01	7.200e-01	6.400e-01	5.200e-01	5.600e-01
8	14	9.200e-01	8.000e-01	9.200e-01	7.200e-01	8.000e-01	7.200e-01	7.600e-01	7.200e-01	6.800e-01	6.800e-01	5.600e-01	4.400e-01
8	15	9.200e-01	9.600e-01	9.200e-01	8.800e-01	8.000e-01	7.600e-01	8.000e-01	6.800e-01	7.600e-01	5.200e-01	6.400e-01	4.000e-01
8	16	9.200e-01	9.600e-01	9.200e-01	9.200e-01	8.000e-01	7.200e-01	8.000e-01	6.400e-01	7.600e-01	5.600e-01	6.000e-01	4.800e-01
8	17	9.600e-01	8.000e-01	9.600e-01	8.000e-01	9.600e-01	8.000e-01	8.400e-01	7.200e-01	7.200e-01	6.000e-01	5.600e-01	5.200e-01
8	18	8.800e-01	9.200e-01	8.800e-01	9.200e-01	7.600e-01	8.400e-01	6.800e-01	6.800e-01	6.800e-01	6.000e-01	6.000e-01	5.200e-01
8	19	9.600e-01	8.400e-01	9.600e-01	7.600e-01	8.800e-01	6.800e-01	8.800e-01	6.800e-01	7.200e-01	4.400e-01	7.200e-01	4.400e-01
8	20	9.600e-01	7.600e-01	9.200e-01	7.600e-01	8.000e-01	7.200e-01	7.600e-01	7.200e-01	7.600e-01	6.000e-01	6.400e-01	4.400e-01
9	0	9.200e-01	8.800e-01	8.800e-01	7.200e-01	8.800e-01	7.200e-01	8.000e-01	7.200e-01	7.200e-01	6.000e-01	6.000e-01	4.800e-01
9	1	8.400e-01	9.200e-01	8.000e-01	8.800e-01	8.000e-01	8.400e-01	7.200e-01	6.800e-01	7.200e-01	6.000e-01	6.000e-01	4.800e-01
9	2	9.600e-01	8.800e-01	9.200e-01	8.400e-01	9.200e-01	7.200e-01	9.200e-01	7.200e-01	6.000e-01	5.600e-01	5.200e-01	4.800e-01
9	3	8.800e-01	9.600e-01	7.600e-01	7.600e-01	7.600e-01	7.600e-01	6.800e-01	7.600e-01	6.000e-01	6.000e-01	5.200e-01	5.200e-01
9	4	8.400e-01	8.400e-01	8.400e-01	8.400e-01	6.800e-01	8.400e-01	6.800e-01	6.800e-01	5.600e-01	6.400e-01	4.800e-01	5.600e-01
9	5	1.000e+00	9.200e-01	8.400e-01	8.000e-01	8.000e-01	8.000e-01	7.600e-01	8.000e-01	7.200e-01	6.000e-01	5.200e-01	6.000e-01
9	6	9.200e-01	8.400e-01	8.400e-01	8.400e-01	7.200e-01	6.800e-01	7.200e-01	6.800e-01	6.000e-01	6.800e-01	4.400e-01	6.400e-01
9	7	7.600e-01	8.000e-01	7.200e-01	8.000e-01	7.200e-01	8.000e-01	6.000e-01	7.600e-01	5.600e-01	7.200e-01	4.800e-01	5.200e-01
9	8	1.000e+00	8.400e-01	1.000e+00	6.800e-01	8.800e-01	6.400e-01	8.000e-01	6.000e-01	5.600e-01	5.600e-01	4.800e-01	5.200e-01
9	9	9.200e-01	9.200e-01	8.400e-01	8.800e-01	7.600e-01	8.000e-01	6.400e-01	8.000e-01	5.600e-01	5.600e-01	4.400e-01	5.200e-01
9	10	8.800e-01	8.800e-01	8.800e-01	8.000e-01	7.600e-01	7.600e-01	6.800e-01	7.600e-01	6.400e-01	5.600e-01	5.200e-01	4.800e-01
9	11	9.200e-01	9.600e-01	8.400e-01	8.800e-01	8.400e-01	8.800e-01	6.000e-01	8.000e-01	6.000e-01	8.000e-01	4.800e-01	5.200e-01
9	12	8.800e-01	8.800e-01	8.000e-01	7.600e-01	8.000e-01	7.200e-01	8.000e-01	7.200e-01	6.800e-01	6.000e-01	5.200e-01	5.200e-01
9	13	9.200e-01	9.200e-01	8.800e-01	8.400e-01	8.400e-01	7.600e-01	8.400e-01	7.200e-01	6.000e-01	6.800e-01	5.200e-01	5.200e-01
9	14	8.000e-01	9.200e-01	8.000e-01	9.200e-01	8.000e-01	8.800e-01	7.200e-01	6.400e-01	6.000e-01	6.000e-01	5.200e-01	5.200e-01
9	15	8.800e-01	8.400e-01	8.000e-01	7.600e-01	7.600e-01	6.800e-01	6.800e-01	6.400e-01	6.800e-01	6.000e-01	6.400e-01	4.400e-01
9	16	8.800e-01	8.000e-01	8.000e-01	6.800e-01	8.000e-01	6.800e-01	8.000e-01	6.400e-01	7.200e-01	6.400e-01	4.800e-01	4.800e-01
9	17	9.200e-01	9.200e-01	8.400e-01	7.200e-01	8.000e-01	6.800e-01	6.800e-01	6.400e-01	6.800e-01	6.400e-01	5.600e-01	5.200e-01
9	18	9.200e-01	9.200e-01	8.800e-01	8.800e-01	8.800e-01	8.400e-01	7.600e-01	7.600e-01	7.600e-01	5.600e-01	7.200e-01	3.600e-01
9	19	8.400e-01	9.200e-01	8.400e-01	9.200e-01	7.600e-01	8.400e-01	6.800e-01	8.000e-01	6.000e-01	7.600e-01	4.800e-01	6.000e-01
9	20	1.000e+00	8.000e-01	1.000e+00	8.000e-01	8.800e-01	8.000e-01	8.000e-01	7.200e-01	6.400e-01	6.000e-01	4.800e-01	5.600e-01
10	0	9.600e-01	8.400e-01	9.200e-01	7.600e-01	9.200e-01	6.400e-01	9.200e-01	6.400e-01	8.400e-01	6.400e-01	6.400e-01	3.600e-01
10	1	9.600e-01	9.600e-01	8.400e-01	8.400e-01	8.000e-01	6.800e-01	8.000e-01	6.400e-01	8.000e-01	5.600e-01	6.000e-01	4.000e-01
10	2	9.600e-01	9.600e-01	8.800e-01	7.600e-01	8.400e-01	7.600e-01	8.000e-01	7.600e-01	7.200e-01	6.000e-01	5.600e-01	5.200e-01
10	3	9.200e-01	8.000e-01	9.200e-01	7.200e-01	9.200e-01	6.800e-01	9.200e-01	6.400e-01	8.800e-01	5.600e-01	6.800e-01	4.000e-01
10	4	8.400e-01	8.400e-01	8.000e-01	8.400e-01	8.000e-01	6.800e-01	8.000e-01	6.400e-01	7.200e-01	5.600e-01	6.000e-01	4.800e-01
10	5	8.800e-01	8.800e-01	8.800e-01	8.800e-01	8.400e-01	7.600e-01	7.200e-01	6.400e-01	6.400e-01	6.400e-01	5.200e-01	5.600e-01
10	6	8.800e-01	9.600e-01	8.800e-01	9.600e-01	8.800e-01	8.000e-01	6.400e-01	7.600e-01	6.400e-01	7.600e-01	4.400e-01	6.800e-01
10	7	8.400e-01	9.600e-01	7.600e-01	7.600e-01	7.200e-01	6.800e-01	6.400e-01	6.400e-01	5.600e-01	6.400e-01	4.800e-01	5.600e-01
10	8	7.600e-01	9.600e-01	7.600e-01	8.800e-01	7.600e-01	7.200e-01	7.200e-01	7.200e-01	5.600e-01	6.800e-01	5.200e-01	4.800e-01
10	9	9.200e-01	8.000e-01	8.800e-01	7.200e-01	8.800e-01	7.200e-01	8.000e-01	7.200e-01	8.000e-01	7.200e-01	4.800e-01	5.600e-01
10	10	8.400e-01	9.200e-01	6.000e-01	9.200e-01	5.200e-01	9.200e-01	4.400e-01	9.200e-01	4.400e-01	9.200e-01	4.000e-01	6.000e-01
10	11	9.200e-01	8.400e-01	8.400e-01	7.600e-01	8.400e-01	7.600e-01	8.000e-01	6.400e-01	8.000e-01	6.000e-01	5.600e-01	4.800e-01
10	12	9.200e-01	8.000e-01	8.000e-01	8.000e-01	7.600e-01	7.600e-01	6.800e-01	7.600e-01	6.000e-01	6.400e-01	5.600e-01	5.200e-01
10	13	9.600e-01	8.800e-01	8.000e-01	8.400e-01	8.000e-01	8.400e-01	6.800e-01	7.600e-01	6.000e-01	6.000e-01	6.000e-01	4.800e-01
10	14	8.000e-01	8.800e-01	7.600e-01	8.400e-01	6.800e-01	8.000e-01	6.000e-01	6.800e-01	6.000e-01	6.800e-01	5.200e-01	4.800e-01
10	15	9.600e-01	8.400e-01	8.800e-01	6.000e-01	8.800e-01	6.000e-01	8.800e-01	5.600e-01	6.800e-01	4.800e-01	6.000e-01	4.000e-01
10	16	9.200e-01	8.000e-01	8.000e-01	7.200e-01	7.600e-01	6.800e-01	7.600e-01	6.800e-01	6.000e-01	6.800e-01	5.200e-01	5.600e-01
10	17	9.600e-01	9.200e-01	8.000e-01	8.800e-01	7.600e-01	7.600e-01	6.000e-01	7.600e-01	4.800e-01	6.800e-01	4.800e-01	6.400e-01
10	18	9.200e-01	9.200e-01	9.200e-01	8.400e-01	8.800e-01	7.600e-01	7.200e-01	6.800e-01	6.400e-01	6.000e-01	4.800e-01	5.200e-01
10	19	9.200e-01	8.000e-01	9.200e-01	7.200e-01	8.800e-01	7.200e-01	7.600e-01	6.800e-01	6.800e-01	6.000e-01	5.200e-01	4.400e-01
10	20	9.200e-01	9.600e-01	8.400e-01	9.200e-01	7.600e-01	7.600e-01	7.200e-01	6.800e-01	6.800e-01	6.400e-01	6.000e-01	4.800e-01
11	0	8.400e-01	8.400e-01	8.400e-01	8.400e-01	7.600e-01	8.400e-01	6.800e-01	8.000e-01	5.600e-01	6.800e-01	4.800e-01	5.600e-01
11	1	1.000e+00	1.000e+00	8.400e-01	9.200e-01	7.200e-01	8.400e-01	6.800e-01	7.600e-01	6.400e-01	7.200e-01	4.800e-01	6.400e-01
11	2	1.000e+00	8.400e-01	9.200e-01	8.000e-01	9.200e-01	7.600e-01	8.400e-01	6.000e-01	8.000e-01	5.600e-01	5.600e-01	5.600e-01
11	3	8.000e-01	9.200e-01	7.600e-01	8.000e-01	7.200e-01	7.200e-01	7.200e-01	6.800e-01	6.800e-01	6.000e-01	6.400e-01	4.800e-01
11	4	8.800e-01	8.800e-01	8.000e-01	7.200e-01	8.000e-01	7.200e-01	7.600e-01	6.800e-01	6.800e-01	6.400e-01	5.600e-01	5.200e-01
11	5	9.600e-01	9.200e-01	8.800e-01	8.000e-01	7.600e-01	6.400e-01	7.600e-01	6.400e-01	7.600e-01	5.600e-01	6.800e-01	4.800e-01
11	6	8.800e-01	9.600e-01	8.800e-01	8.800e-01	8.400e-01	7.200e-01	7.600e-01	6.400e-01	7.600e-01	5.600e-01	7.200e-01	3.600e-01
11	7	9.200e-01	8.000e-01	8.000e-01	8.000e-01	7.600e-01	6.800e-01	7.200e-01	6.800e-01	6.400e-01	6.000e-01	6.000e-01	3.600e-01
11	8	9.200e-01	8.000e-01	8.800e-01	7.600e-01	8.000e-01	7.600e-01	6.800e-01	7.600e-01	6.400e-01	7.200e-01	4.800e-01	6.000e-01
11	9	8.800e-01	9.600e-01	6.000e-01	9.600e-01	6.000e-01	9.600e-01	6.000e-01	9.200e-01	6.000e-01	9.200e-01	5.200e-01	5.600e-01
11	10	8.400e-01	9.600e-01	7.200e-01	8.800e-01	6.000e-01	8.000e-01	6.000e-01	7.200e-01	6.000e-01	7.200e-01	5.200e-01	5.200e-01
11	11	8.000e-01	9.600e-01	6.400e-01	9.200e-01	5.600e-01	8.800e-01	5.600e-01	8.800e-01	5.600e-01	8.000e-01	4.000e-01	6.800e-01
11	12	9.200e-01	8.000e-01	8.800e-01	8.000e-01	8.800e-01	7.600e-01	8.000e-01	7.200e-01	5.200e-01	6.800e-01	5.200e-01	6.000e-01
11	13	9.600e-01	8.800e-01	8.000e-01	7.600e-01	7.200e-01	7.200e-01	6.000e-01	6.800e-01	5.600e-01	6.800e-01	5.600e-01	4.800e-01
11	14	9.200e-01	7.600e-01	8.800e-01	7.200e-01	8.400e-01	6.800e-01	7.600e-01	6.400e-01	6.400e-01	4.400e-01	5.200e-01	4.400e-01
11	15	9.600e-01	8.400e-01	9.200e-01	8.000e-01	7.200e-01	6.000e-01	7.200e-01	6.000e-01	6.000e-01	5.600e-01	6.000e-01	4.000e-01
11	16	8.800e-01	9.200e-01	8.000e-01	8.400e-01	7.200e-01	7.200e-01	6.800e-01	6.800e-01	5.600e-01	5.600e-01	5.600e-01	4.800e-01
11	17	9.200e-01	8.800e-01	8.800e-01	8.400e-01	8.000e-01	7.600e-01	8.000e-01	7.200e-01	7.200e-01	6.400e-01	6.000e-01	4.800e-01
11	18	8.400e-01	9.600e-01	8.400e-01	9.600e-01	7.200e-01	8.800e-01	6.800e-01	7.600e-01	6.400e-01	6.800e-01	5.600e-01	5.600e-01
11	19	8.400e-01	9.200e-01	8.400e-01	8.000e-01	7.200e-01	7.200e-01	7.200e-01	7.200e-01	6.800e-01	6.400e-01	5.600e-01	4.800e-01
11	20	9.600e-01	8.800e-01	8.800e-01	8.000e-01	8.000e-01	7.200e-01	8.000e-01	6.800e-01	6.800e-01	6.000e-01	6.000e-01	4.000e-01
12	0	7.600e-01	9.600e-01	7.600e-01	9.600e-01	7.200e-01	8.800e-01	7.200e-01	7.600e-01	5.600e-01	7.200e-01	4.800e-01	5.200e-01
12	1	7.600e-01	9.200e-01	7.600e-01	9.200e-01	6.800e-01	8.800e-01	5.600e-01	8.400e-01	4.400e-01	7.200e-01	4.400e-01	6.800e-01
12	2	8.000e-01	9.600e-01	7.200e-01	8.800e-01	7.200e-01	8.800e-01	6.400e-01	8.800e-01	6.400e-01	6.000e-01	5.600e-01	5.200e-01
12	3	9.200e-01	9.200e-01	8.800e-01	8.800e-01	7.200e-01	8.400e-01	6.400e-01	8.000e-01	5.200e-01	7.200e-01	3.600e-01	6.400e-01
12	4	8.400e-01	8.800e-01	8.400e-01	7.200e-01	8.000e-01	7.200e-01	8.000e-01	6.800e-01	7.600e-01	5.600e-01	7.200e-01	4.400e-01
12	5	8.800e-01	1.000e+00	8.400e-01	9.200e-01	6.400e-01	9.200e-01	6.000e-01	8.800e-01	4.800e-01	7.600e-01	2.800e-01	7.200e-01
12	6	9.200e-01	8.800e-01	8.400e-01	7.200e-01	8.400e-01	7.200e-01	8.000e-01	5.600e-01	8.000e-01	5.600e-01	5.600e-01	4.000e-01
12	7	8.400e-01	9.600e-01	8.000e-01	9.200e-01	8.000e-01	8.400e-01	6.800e-01	7.600e-01	6.400e-01	4.800e-01	5.600e-01	4.400e-01
12	8	8.400e-01	9.200e-01	8.000e-01	8.000e-01	8.000e-01	8.000e-01	7.600e-01	7.600e-01	7.200e-01	7.200e-01	5.200e-01	5.200e-01
12	9	1.000e+00	8.000e-01	1.000e+00	7.200e-01	7.600e-01	6.800e-01	7.600e-01	6.800e-01	7.200e-01	6.400e-01	6.000e-01	3.600e-01
12	10	9.600e-01	8.000e-01	8.800e-01	8.000e-01	8.000e-01	8.000e-01	7.600e-01	7.200e-01	7.200e-01	6.000e-01	5.600e-01	5.200e-01
12	11	9.200e-01	9.200e-01	6.800e-01	8.400e-01	6.000e-01	8.400e-01	6.000e-01	8.000e-01	6.000e-01	7.200e-01	4.800e-01	5.600e-01
12	12	8.800e-01	8.400e-01	8.800e-01	8.400e-01	5.600e-01	8.000e-01	5.600e-01	8.000e-01	4.800e-01	7.200e-01	3.600e-01	7.200e-01
12	13	8.800e-01	8.000e-01	8.400e-01	7.200e-01	7.200e-01	6.800e-01	6.000e-01	6.000e-01	6.000e-01	5.600e-01	5.600e-01	4.400e-01
12	14	8.000e-01	8.400e-01	8.000e-01	8.000e-01	7.600e-01	6.800e-01	6.800e-01	6.400e-01	6.000e-01	4.800e-01	5.600e-01	4.400e-01
12	15	8.800e-01	8.400e-01	8.800e-01	8.400e-01	6.800e-01	7.600e-01	6.400e-01	5.200e-01	5.600e-01	5.200e-01	5.200e-01	5.200e-01
12	16	8.800e-01	7.600e-01	8.800e-01	7.200e-01	8.800e-01	6.800e-01	8.400e-01	5.600e-01	6.800e-01	5.200e-01	6.000e-01	4.400e-01
12	17	8.800e-01	8.800e-01	8.800e-01	8.400e-01	8.800e-01	8.000e-01	8.400e-01	8.000e-01	6.800e-01	5.200e-01	6.400e-01	4.000e-01
12	18	9.600e-01	7.600e-01	9.600e-01	7.600e-01	9.600e-01	7.200e-01	8.800e-01	6.400e-01	8.000e-01	6.000e-01	6.800e-01	3.600e-01
12	19	9.600e-01	9.600e-01	9.200e-01	8.400e-01	8.800e-01	8.400e-01	6.800e-01	7.600e-01	5.200e-01	7.600e-01	4.400e-01	6.800e-01
12	20	9.600e-01	1.000e+00	8.800e-01	8.800e-01	7.600e-01	7.600e-01	7.600e-01	7.600e-01	6.800e-01	6.400e-01	4.800e-01	5.200e-01
13	0	9.200e-01	8.800e-01	8.800e-01	7.600e-01	8.000e-01	7.600e-01	8.000e-01	7.600e-01	6.800e-01	6.400e-01	4.800e-01	5.600e-01
13	1	8.400e-01	8.800e-01	7.600e-01	8.800e-01	7.600e-01	8.800e-01	7.600e-01	7.200e-01	5.600e-01	6.400e-01	4.800e-01	6.400e-01
13	2	8.800e-01	9.200e-01	8.400e-01	8.800e-01	8.400e-01	8.800e-01	4.800e-01	8.800e-01	4.800e-01	7.200e-01	4.800e-01	6.800e-01
13	3	9.600e-01	8.800e-01	9.600e-01	8.000e-01	8.400e-01	7.200e-01	8.000e-01	6.000e-01	7.200e-01	4.400e-01	7.200e-01	2.800e-01
13	4	9.600e-01	1.000e+00	9.200e-01	8.800e-01	7.600e-01	6.800e-01	7.600e-01	5.200e-01	7.200e-01	5.200e-01	5.600e-01	4.800e-01
13	5	9.600e-01	8.800e-01	9.600e-01	7.200e-01	8.800e-01	6.800e-01	8.000e-01	6.400e-01	8.000e-01	4.000e-01	6.000e-01	4.000e-01
13	6	8.400e-01	9.600e-01	8.400e-01	9.200e-01	7.600e-01	8.000e-01	7.600e-01	7.600e-01	6.000e-01	6.400e-01	4.800e-01	5.200e-01
13	7	8.400e-01	9.600e-01	8.400e-01	9.200e-01	8.400e-01	8.800e-01	8.000e-01	7.200e-01	7.200e-01	5.600e-01	4.800e-01	5.200e-01
13	8	9.200e-01	8.800e-01	8.000e-01	8.000e-01	8.000e-01	8.000e-01	7.200e-01	8.000e-01	6.400e-01	8.000e-01	6.400e-01	4.400e-01
13	9	9.200e-01	9.600e-01	8.400e-01	9.200e-01	8.400e-01	8.400e-01	8.000e-01	6.800e-01	8.000e-01	6.800e-01	6.000e-01	4.400e-01
13	10	1.000e+00	9.200e-01	8.800e-01	7.600e-01	8.400e-01	6.400e-01	8.400e-01	6.400e-01	8.400e-01	6.400e-01	6.400e-01	4.800e-01
13	11	8.000e-01	8.800e-01	7.600e-01	8.800e-01	6.400e-01	8.000e-01	5.600e-01	8.000e-01	5.200e-01	7.200e-01	4.000e-01	6.800e-01
13	12	9.200e-01	8.400e-01	8.800e-01	7.200e-01	6.000e-01	6.800e-01	5.600e-01	6.800e-01	5.600e-01	6.800e-01	4.400e-01	6.400e-01
13	13	9.200e-01	1.000e+00	8.800e-01	1.000e+00	8.000e-01	9.200e-01	7.600e-01	7.200e-01	5.200e-01	7.200e-01	4.800e-01	6.000e-01
13	14	9.200e-01	8.800e-01	9.200e-01	8.800e-01	9.200e-01	7.600e-01	6.400e-01	7.600e-01	5.600e-01	6.800e-01	5.600e-01	4.400e-01
13	15	8.800e-01	8.400e-01	8.800e-01	8.400e-01	8.400e-01	7.600e-01	6.800e-01	6.400e-01	6.800e-01	6.400e-01	5.600e-01	4.800e-01
13	16	9.200e-01	8.400e-01	9.200e-01	8.000e-01	8.400e-01	7.600e-01	8.400e-01	6.000e-01	7.200e-01	4.400e-01	6.400e-01	4.400e-01
13	17	1.000e+00	8.800e-01	9.600e-01	8.400e-01	8.800e-01	7.200e-01	8.000e-01	6.400e-01	7.600e-01	5.200e-01	7.200e-01	2.800e-01
13	18	1.000e+00	1.000e+00	9.200e-01	8.400e-01	8.400e-01	8.000e-01	8.000e-01	8.000e-01	6.400e-01	6.400e-01	6.000e-01	3.600e-01
13	19	8.000e-01	8.800e-01	8.000e-01	8.400e-01	8.000e-01	8.000e-01	8.000e-01	7.200e-01	6.800e-01	7.200e-01	6.000e-01	4.400e-01
13	20	8.000e-01	9.600e-01	7.600e-01	9.600e-01	7.600e-01	9.600e-01	7.600e-01	9.200e-01	6.800e-01	7.600e-01	5.200e-01	6.000e-01
14	0	9.600e-01	8.800e-01	9.600e-01	8.800e-01	8.400e-01	7.600e-01	8.000e-01	6.800e-01	7.600e-01	6.000e-01	6.800e-01	4.000e-01
14	1	8.400e-01	8.400e-01	7.600e-01	8.000e-01	7.600e-01	6.800e-01	7.600e-01	6.800e-01	6.000e-01	6.800e-01	4.800e-01	6.000e-01
14	2	8.800e-01	7.200e-01	8.800e-01	7.200e-01	8.400e-01	7.200e-01	8.000e-01	6.800e-01	7.200e-01	5.200e-01	6.400e-01	4.000e-01
14	3	8.800e-01	9.200e-01	8.400e-01	8.400e-01	7.600e-01	7.200e-01	7.200e-01	7.200e-01	6.800e-01	5.200e-01	6.400e-01	4.400e-01
14	4	9.600e-01	8.800e-01	8.800e-01	8.800e-01	8.800e-01	8.000e-01	8.000e-01	6.000e-01	6.800e-01	5.600e-01	5.200e-01	4.800e-01
14	5	9.600e-01	8.800e-01	9.200e-01	8.800e-01	8.400e-01	7.600e-01	7.600e-01	6.400e-01	6.000e-01	6.000e-01	5.600e-01	4.400e-01
14	6	9.200e-01	8.000e-01	8.800e-01	7.600e-01	8.400e-01	7.600e-01	8.000e-01	7.200e-01	6.400e-01	5.600e-01	5.200e-01	4.800e-01
14	7	9.200e-01	8.000e-01	8.800e-01	7.600e-01	8.800e-01	7.600e-01	8.800e-01	7.200e-01	7.600e-01	6.400e-01	5.200e-01	5.200e-01
14	8	9.600e-01	7.600e-01	9.600e-01	7.200e-01	9.200e-01	6.400e-01	9.200e-01	6.400e-01	7.200e-01	5.200e-01	6.800e-01	4.000e-01
14	9	9.600e-01	7.600e-01	9.600e-01	5.600e-01	9.600e-01	5.600e-01	8.800e-01	5.200e-01	7.200e-01	4.400e-01	6.400e-01	3.600e-01
14	10	8.400e-01	8.800e-01	8.000e-01	7.600e-01	8.000e-01	7.200e-01	7.600e-01	7.200e-01	7.200e-01	6.000e-01	6.000e-01	4.800e-01
14	11	8.800e-01	9.200e-01	8.400e-01	8.800e-01	8.000e-01	7.600e-01	7.600e-01	7.200e-01	6.400e-01	6.000e-01	5.200e-01	4.800e-01
14	12	8.800e-01	8.000e-01	8.400e-01	7.600e-01	8.000e-01	7.600e-01	8.000e-01	7.600e-01	5.200e-01	6.800e-01	4.800e-01	5.600e-01
14	13	8.800e-01	1.000e+00	8.000e-01	9.600e-01	7.600e-01	8.400e-01	7.600e-01	8.400e-01	5.600e-01	6.000e-01	5.200e-01	5.600e-01
14	14	9.200e-01	8.400e-01	9.200e-01	8.400e-01	8.000e-01	8.000e-01	7.600e-01	7.600e-01	7.200e-01	6.400e-01	5.200e-01	4.800e-01
14	15	8.000e-01	9.600e-01	8.000e-01	9.600e-01	8.000e-01	9.600e-01	6.800e-01	7.200e-01	6.800e-01	7.200e-01	6.400e-01	4.800e-01
14	16	9.600e-01	7.600e-01	9.600e-01	7.600e-01	9.200e-01	7.200e-01	8.400e-01	6.400e-01	7.600e-01	5.200e-01	6.800e-01	4.800e-01
14	17	9.600e-01	8.000e-01	9.200e-01	7.600e-01	8.800e-01	7.200e-01	8.800e-01	5.600e-01	8.400e-01	4.800e-01	6.800e-01	3.600e-01
14	18	9.200e-01	1.000e+00	8.800e-01	8.000e-01	8.800e-01	8.000e-01	8.400e-01	7.600e-01	6.800e-01	6.400e-01	6.000e-01	4.000e-01
14	19	8.800e-01	9.600e-01	8.400e-01	8.400e-01	8.400e-01	8.000e-01	8.000e-01	7.600e-01	7.200e-01	5.600e-01	5.600e-01	4.400e-01
14	20	8.000e-01	8.000e-01	8.000e-01	8.000e-01	8.000e-01	7.600e-01	8.000e-01	6.800e-01	6.400e-01	5.600e-01	6.400e-01	4.000e-01
15	0	8.400e-01	1.000e+00	7.600e-01	9.600e-01	7.600e-01	9.600e-01	7.600e-01	8.000e-01	6.800e-01	6.000e-01	4.800e-01	4.800e-01
15	1	8.800e-01	9.200e-01	8.400e-01	8.400e-01	8.400e-01	8.400e-01	7.600e-01	8.000e-01	6.000e-01	7.200e-01	4.400e-01	5.600e-01
15	2	9.600e-01	8.400e-01	8.400e-01	7.600e-01	8.000e-01	7.600e-01	8.000e-01	7.600e-01	6.800e-01	5.600e-01	5.600e-01	5.200e-01
15	3	9.200e-01	8.800e-01	8.400e-01	8.000e-01	7.600e-01	8.000e-01	7.200e-01	7.600e-01	6.000e-01	6.000e-01	4.400e-01	6.000e-01
15	4	8.800e-01	8.400e-01	8.800e-01	7.600e-01	8.400e-01	7.200e-01	8.400e-01	6.400e-01	6.800e-01	4.800e-01	6.400e-01	3.600e-01
15	5	9.600e-01	8.000e-01	9.600e-01	7.600e-01	8.800e-01	7.600e-01	8.000e-01	7.200e-01	6.000e-01	5.600e-01	5.200e-01	5.600e-01
15	6	8.800e-01	9.200e-01	8.400e-01	8.800e-01	8.000e-01	8.000e-01	6.800e-01	7.200e-01	6.000e-01	6.400e-01	4.400e-01	6.000e-01
15	7	9.200e-01	9.600e-01	8.800e-01	9.200e-01	8.400e-01	8.800e-01	7.600e-01	6.800e-01	6.400e-01	6.400e-01	5.600e-01	5.200e-01
15	8	8.800e-01	8.800e-01	8.400e-01	7.600e-01	8.400e-01	7.600e-01	7.600e-01	7.200e-01	6.800e-01	5.600e-01	6.000e-01	4.800e-01
15	9	8.800e-01	7.600e-01	8.400e-01	7.600e-01	8.400e-01	7.600e-01	8.400e-01	7.600e-01	6.400e-01	6.400e-01	6.000e-01	4.400e-01
15	10	8.400e-01	9.200e-01	8.000e-01	8.000e-01	7.600e-01	7.600e-01	7.200e-01	7.200e-01	6.400e-01	6.800e-01	4.800e-01	5.600e-01
15	11	9.600e-01	8.800e-01	9.600e-01	8.400e-01	8.400e-01	8.400e-01	7.200e-01	6.800e-01	6.400e-01	6.800e-01	5.200e-01	4.800e-01
15	12	8.800e-01	9.200e-01	8.800e-01	7.600e-01	8.400e-01	7.600e-01	8.000e-01	7.600e-01	7.200e-01	5.200e-01	5.600e-01	4.800e-01
15	13	9.200e-01	9.200e-01	9.200e-01	9.200e-01	9.200e-01	8.000e-01	7.200e-01	6.800e-01	7.200e-01	6.800e-01	5.600e-01	4.800e-01
15	14	1.000e+00	8.000e-01	1.000e+00	7.200e-01	8.400e-01	7.200e-01	7.200e-01	7.200e-01	6.000e-01	6.400e-01	5.600e-01	5.200e-01
15	15	9.200e-01	8.800e-01	9.200e-01	8.400e-01	8.800e-01	8.400e-01	8.400e-01	7.600e-01	6.000e-01	6.800e-01	4.400e-01	6.000e-01
15	16	1.000e+00	8.400e-01	8.000e-01	8.000e-01	8.000e-01	8.000e-01	7.600e-01	5.600e-01	7.200e-01	5.600e-01	6.800e-01	5.600e-01
15	17	8.800e-01	9.600e-01	8.000e-01	8.800e-01	7.600e-01	8.400e-01	7.200e-01	8.000e-01	5.600e-01	7.200e-01	4.400e-01	6.800e-01
15	18	8.800e-01	9.200e-01	8.400e-01	8.000e-01	8.000e-01	7.600e-01	7.600e-01	6.000e-01	7.600e-01	5.600e-01	7.200e-01	3.600e-01
15	19	8.800e-01	8.400e-01	8.400e-01	7.200e-01	8.400e-01	7.200e-01	8.000e-01	6.400e-01	6.000e-01	6.400e-01	5.600e-01	4.800e-01
15	20	9.600e-01	9.200e-01	9.200e-01	8.400e-01	8.800e-01	8.000e-01	7.200e-01	7.600e-01	5.200e-01	7.200e-01	4.400e-01	6.000e-01
16	0	8.400e-01	9.600e-01	8.400e-01	9.200e-01	7.600e-01	8.000e-01	7.600e-01	7.600e-01	6.400e-01	6.800e-01	4.800e-01	5.600e-01
16	1	1.000e+00	7.600e-01	9.600e-01	7.200e-01	8.400e-01	6.800e-01	8.400e-01	6.800e-01	6.400e-01	6.400e-01	4.800e-01	5.200e-01
16	2	9.600e-01	9.200e-01	8.400e-01	8.400e-01	8.000e-01	8.400e-01	8.000e-01	8.000e-01	6.400e-01	6.400e-01	4.400e-01	5.200e-01
16	3	9.600e-01	1.000e+00	6.400e-01	7.600e-01	6.400e-01	7.600e-01	6.400e-01	7.200e-01	5.600e-01	7.200e-01	4.000e-01	5.600e-01
16	4	9.200e-01	9.600e-01	8.400e-01	8.400e-01	7.200e-01	8.000e-01	7.200e-01	8.000e-01	6.400e-01	8.000e-01	5.200e-01	4.800e-01
16	5	9.200e-01	9.600e-01	8.800e-01	8.400e-01	8.400e-01	8.000e-01	8.400e-01	6.800e-01	7.200e-01	6.000e-01	6.000e-01	5.200e-01
16	6	9.200e-01	8.000e-01	9.200e-01	8.000e-01	8.400e-01	8.000e-01	6.800e-01	6.800e-01	4.800e-01	6.800e-01	4.800e-01	6.000e-01
16	7	9.200e-01	8.400e-01	8.800e-01	8.400e-01	8.800e-01	8.400e-01	8.000e-01	6.400e-01	5.600e-01	6.400e-01	5.200e-01	5.200e-01
16	8	8.800e-01	8.800e-01	8.400e-01	8.400e-01	6.800e-01	7.200e-01	6.800e-01	7.200e-01	6.000e-01	6.000e-01	5.600e-01	5.600e-01
16	9	8.800e-01	8.800e-01	8.400e-01	8.800e-01	7.600e-01	7.200e-01	7.600e-01	6.800e-01	6.400e-01	6.000e-01	6.000e-01	4.400e-01
16	10	8.000e-01	9.600e-01	7.200e-01	8.800e-01	6.800e-01	8.400e-01	6.800e-01	7.200e-01	5.600e-01	6.800e-01	4.800e-01	5.200e-01
16	11	9.200e-01	9.200e-01	9.200e-01	8.800e-01	8.800e-01	8.800e-01	7.200e-01	8.000e-01	5.600e-01	6.400e-01	4.400e-01	6.400e-01
16	12	9.600e-01	9.600e-01	9.200e-01	8.400e-01	9.200e-01	6.800e-01	8.400e-01	5.200e-01	8.000e-01	5.200e-01	6.400e-01	3.600e-01
16	13	9.600e-01	8.800e-01	8.000e-01	8.400e-01	8.000e-01	8.000e-01	6.800e-01	8.000e-01	6.400e-01	7.600e-01	4.800e-01	6.000e-01
16	14	7.600e-01	9.600e-01	7.600e-01	9.600e-01	6.800e-01	8.800e-01	6.800e-01	8.000e-01	6.000e-01	8.000e-01	4.400e-01	6.800e-01
16	15	9.200e-01	8.800e-01	8.400e-01	8.400e-01	7.600e-01	7.200e-01	7.600e-01	6.800e-01	6.400e-01	5.200e-01	5.200e-01	4.800e-01
16	16	8.800e-01	8.800e-01	8.400e-01	8.000e-01	7.200e-01	7.600e-01	7.200e-01	7.600e-01	7.200e-01	6.400e-01	6.000e-01	6.000e-01
16	17	8.000e-01	9.600e-01	6.000e-01	9.600e-01	6.000e-01	9.600e-01	5.600e-01	9.200e-01	4.800e-01	9.200e-01	4.800e-01	5.600e-01
16	18	9.600e-01	8.800e-01	6.800e-01	8.400e-01	6.400e-01	7.200e-01	6.400e-01	7.200e-01	5.200e-01	6.800e-01	5.200e-01	5.600e-01
16	19	9.200e-01	8.800e-01	7.200e-01	7.600e-01	6.800e-01	7.600e-01	6.400e-01	7.200e-01	5.600e-01	6.800e-01	5.600e-01	6.400e-01
16	20	9.200e-01	8.800e-01	8.400e-01	8.400e-01	8.000e-01	8.000e-01	8.000e-01	6.400e-01	6.800e-01	5.600e-01	6.000e-01	4.800e-01
17	0	8.800e-01	9.600e-01	8.000e-01	8.800e-01	7.600e-01	8.000e-01	7.200e-01	8.000e-01	6.000e-01	6.800e-01	5.600e-01	5.600e-01
17	1	8.800e-01	9.600e-01	8.000e-01	8.000e-01	7.200e-01	7.200e-01	7.200e-01	6.800e-01	6.400e-01	6.800e-01	4.400e-01	5.600e-01
17	2	9.600e-01	9.600e-01	9.200e-01	8.000e-01	9.200e-01	8.000e-01	8.400e-01	6.800e-01	7.200e-01	6.800e-01	4.800e-01	6.000e-01
17	3	9.200e-01	9.200e-01	8.400e-01	8.400e-01	7.600e-01	8.000e-01	6.400e-01	8.000e-01	6.000e-01	7.200e-01	5.200e-01	4.800e-01
17	4	9.200e-01	9.600e-01	8.400e-01	8.400e-01	8.000e-01	7.600e-01	7.200e-01	7.600e-01	6.800e-01	6.800e-01	4.800e-01	6.000e-01
17	5	9.200e-01	8.800e-01	8.400e-01	8.400e-01	8.000e-01	6.800e-01	8.000e-01	6.800e-01	7.600e-01	6.400e-01	5.600e-01	4.000e-01
17	6	9.200e-01	8.800e-01	7.600e-01	8.400e-01	7.600e-01	8.000e-01	7.600e-01	7.600e-01	7.200e-01	6.400e-01	5.200e-01	5.600e-01
17	7	9.200e-01	8.800e-01	8.000e-01	8.400e-01	7.200e-01	7.600e-01	7.200e-01	7.600e-01	5.600e-01	7.600e-01	4.000e-01	6.800e-01
17	8	9.600e-01	1.000e+00	7.600e-01	8.800e-01	7.600e-01	7.200e-01	7.600e-01	7.200e-01	7.600e-01	6.000e-01	5.600e-01	4.800e-01
17	9	1.000e+00	9.200e-01	8.400e-01	8.400e-01	7.200e-01	6.800e-01	7.200e-01	6.000e-01	6.800e-01	5.600e-01	5.600e-01	4.800e-01
17	10	8.800e-01	8.400e-01	8.400e-01	8.400e-01	7.600e-01	8.000e-01	7.600e-01	8.000e-01	6.800e-01	7.600e-01	6.000e-01	4.400e-01
17	11	9.600e-01	9.200e-01	9.200e-01	7.600e-01	8.800e-01	6.400e-01	8.800e-01	6.400e-01	8.000e-01	4.800e-01	5.200e-01	4.400e-01
17	12	8.800e-01	9.200e-01	8.800e-01	9.200e-01	7.200e-01	9.200e-01	6.800e-01	8.800e-01	6.400e-01	8.400e-01	4.000e-01	7.200e-01
17	13	9.200e-01	7.200e-01	9.200e-01	7.200e-01	7.600e-01	6.800e-01	7.600e-01	6.800e-01	7.600e-01	6.400e-01	6.000e-01	4.000e-01
17	14	8.800e-01	8.400e-01	8.000e-01	8.000e-01	7.200e-01	7.600e-01	6.800e-01	7.600e-01	6.000e-01	6.800e-01	4.800e-01	5.200e-01
17	15	8.800e-01	8.800e-01	7.600e-01	8.000e-01	7.600e-01	8.000e-01	7.200e-01	8.000e-01	6.400e-01	6.400e-01	5.600e-01	4.400e-01
17	16	8.800e-01	8.400e-01	8.400e-01	8.400e-01	7.600e-01	8.000e-01	7.600e-01	8.000e-01	6.000e-01	6.800e-01	5.600e-01	5.600e-01
17	17	8.000e-01	9.600e-01	6.800e-01	9.600e-01	5.200e-01	9.600e-01	5.200e-01	9.600e-01	5.200e-01	9.200e-01	4.000e-01	7.600e-01
17	18	9.600e-01	9.200e-01	9.200e-01	8.000e-01	9.200e-01	6.800e-01	8.400e-01	6.800e-01	7.600e-01	5.600e-01	7.600e-01	3.600e-01
17	19	8.400e-01	8.800e-01	8.000e-01	8.400e-01	8.000e-01	8.000e-01	6.800e-01	7.600e-01	5.600e-01	6.800e-01	5.600e-01	6.400e-01
17	20	9.600e-01	9.200e-01	9.200e-01	8.800e-01	8.800e-01	7.600e-01	8.000e-01	7.200e-01	7.200e-01	7.200e-01	6.800e-01	3.600e-01
18	0	9.200e-01	8.800e-01	8.800e-01	8.400e-01	8.400e-01	7.200e-01	8.400e-01	7.200e-01	7.200e-01	6.800e-01	6.000e-01	4.800e-01
18	1	8.800e-01	8.000e-01	8.800e-01	7.600e-01	8.800e-01	7.600e-01	7.600e-01	6.800e-01	7.200e-01	6.400e-01	5.200e-01	4.800e-01
18	2	9.600e-01	1.000e+00	9.200e-01	8.800e-01	9.200e-01	6.400e-01	8.800e-01	6.000e-01	6.400e-01	6.000e-01	5.600e-01	5.200e-01
18	3	8.800e-01	8.800e-01	8.400e-01	8.400e-01	8.000e-01	8.400e-01	7.600e-01	7.600e-01	6.800e-01	6.000e-01	5.200e-01	4.800e-01
18	4	9.200e-01	8.800e-01	8.000e-01	8.400e-01	7.600e-01	8.400e-01	7.200e-01	6.800e-01	6.800e-01	6.400e-01	4.000e-01	6.400e-01
18	5	8.800e-01	8.800e-01	8.000e-01	8.800e-01	7.200e-01	8.800e-01	6.800e-01	7.600e-01	6.000e-01	7.200e-01	6.000e-01	5.600e-01
18	6	8.800e-01	8.000e-01	8.800e-01	8.000e-01	8.800e-01	6.800e-01	8.800e-01	6.400e-01	7.200e-01	6.000e-01	4.800e-01	5.200e-01
18	7	8.000e-01	8.400e-01	7.600e-01	8.400e-01	7.200e-01	8.400e-01	6.000e-01	8.400e-01	5.600e-01	7.200e-01	5.200e-01	5.200e-01
18	8	9.200e-01	8.000e-01	8.800e-01	7.600e-01	8.000e-01	7.200e-01	6.800e-01	7.200e-01	6.400e-01	6.400e-01	6.000e-01	5.600e-01
18	9	8.800e-01	8.400e-01	8.800e-01	8.400e-01	8.000e-01	6.800e-01	7.600e-01	6.400e-01	5.600e-01	6.400e-01	5.200e-01	5.600e-01
18	10	8.000e-01	8.800e-01	7.200e-01	8.800e-01	7.200e-01	8.000e-01	7.200e-01	8.000e-01	6.000e-01	5.600e-01	5.600e-01	4.800e-01
18	11	8.800e-01	9.600e-01	8.400e-01	8.800e-01	8.000e-01	8.000e-01	7.200e-01	7.200e-01	6.400e-01	6.400e-01	6.400e-01	5.200e-01
18	12	9.600e-01	7.200e-01	9.600e-01	6.000e-01	9.600e-01	6.000e-01	8.400e-01	5.200e-01	8.400e-01	4.800e-01	6.800e-01	4.000e-01
18	13	8.800e-01	9.200e-01	8.000e-01	8.400e-01	8.000e-01	8.000e-01	8.000e-01	8.000e-01	7.600e-01	6.800e-01	6.000e-01	5.600e-01
18	14	9.200e-01	9.200e-01	8.400e-01	7.600e-01	8.400e-01	7.200e-01	8.000e-01	7.200e-01	6.400e-01	6.800e-01	4.800e-01	6.000e-01
18	15	8.800e-01	9.600e-01	7.200e-01	8.800e-01	7.200e-01	8.800e-01	7.200e-01	8.800e-01	6.800e-01	6.400e-01	5.600e-01	4.400e-01
18	16	9.600e-01	8.000e-01	9.200e-01	8.000e-01	8.800e-01	8.000e-01	8.800e-01	8.000e-01	8.000e-01	5.600e-01	6.000e-01	4.800e-01
18	17	8.800e-01	8.800e-01	8.000e-01	8.400e-01	8.000e-01	8.400e-01	6.000e-01	7.600e-01	6.000e-01	6.800e-01	5.200e-01	6.000e-01
18	18	8.000e-01	9.200e-01	8.000e-01	8.800e-01	7.600e-01	7.200e-01	7.200e-01	6.000e-01	6.800e-01	4.800e-01	6.400e-01	4.000e-01
18	19	9.200e-01	8.400e-01	9.200e-01	8.000e-01	8.400e-01	7.200e-01	8.400e-01	6.400e-01	8.000e-01	5.200e-01	7.200e-01	3.200e-01
18	20	8.800e-01	1.000e+00	8.000e-01	8.400e-01	7.200e-01	8.000e-01	6.800e-01	8.000e-01	6.800e-01	7.600e-01	6.400e-01	4.800e-01
19	0	1.000e+00	9.200e-01	8.800e-01	8.400e-01	8.800e-01	8.000e-01	8.000e-01	7.200e-01	6.800e-01	6.000e-01	5.600e-01	5.600e-01
19	1	1.000e+00	8.800e-01	1.000e+00	8.000e-01	8.400e-01	7.200e-01	7.200e-01	7.200e-01	6.400e-01	6.400e-01	5.200e-01	5.600e-01
19	2	1.000e+00	8.800e-01	8.800e-01	8.400e-01	8.400e-01	6.800e-01	7.600e-01	6.800e-01	7.200e-01	6.400e-01	5.600e-01	4.800e-01
19	3	9.200e-01	8.400e-01	8.400e-01	8.000e-01	8.400e-01	8.000e-01	6.800e-01	6.800e-01	5.600e-01	6.000e-01	5.200e-01	5.600e-01
19	4	9.200e-01	9.600e-01	8.400e-01	8.400e-01	7.600e-01	8.000e-01	6.400e-01	7.200e-01	6.400e-01	6.800e-01	5.600e-01	5.600e-01
19	5	8.800e-01	1.000e+00	8.000e-01	8.800e-01	7.600e-01	8.000e-01	7.600e-01	8.000e-01	6.000e-01	6.800e-01	4.400e-01	6.400e-01
19	6	8.400e-01	9.200e-01	8.000e-01	8.800e-01	7.600e-01	8.400e-01	7.200e-01	7.200e-01	6.800e-01	6.800e-01	4.400e-01	6.000e-01
19	7	9.200e-01	8.000e-01	9.200e-01	7.600e-01	8.400e-01	6.400e-01	7.600e-01	6.400e-01	6.800e-01	6.000e-01	5.600e-01	4.800e-01
19	8	8.800e-01	9.200e-01	7.600e-01	8.800e-01	7.600e-01	8.400e-01	7.600e-01	8.400e-01	6.000e-01	8.000e-01	5.200e-01	5.600e-01
19	9	9.600e-01	8.400e-01	8.800e-01	8.400e-01	8.400e-01	7.600e-01	7.600e-01	7.200e-01	7.200e-01	4.800e-01	5.600e-01	4.000e-01
19	10	8.800e-01	8.800e-01	8.400e-01	8.000e-01	7.600e-01	8.000e-01	7.200e-01	7.600e-01	6.400e-01	6.000e-01	6.000e-01	5.200e-01
19	11	9.200e-01	9.200e-01	8.400e-01	8.800e-01	7.200e-01	8.000e-01	7.200e-01	8.000e-01	6.000e-01	6.800e-01	4.400e-01	6.800e-01
19	12	9.600e-01	8.400e-01	9.600e-01	7.600e-01	8.800e-01	6.400e-01	7.600e-01	6.000e-01	7.600e-01	5.600e-01	6.000e-01	4.800e-01
19	13	9.600e-01	8.000e-01	9.200e-01	7.600e-01	9.200e-01	6.800e-01	8.800e-01	6.800e-01	7.200e-01	6.000e-01	6.400e-01	4.000e-01
19	14	8.800e-01	8.800e-01	8.800e-01	7.200e-01	8.400e-01	7.200e-01	8.400e-01	6.800e-01	7.600e-01	5.600e-01	6.000e-01	4.400e-01
19	15	8.800e-01	8.800e-01	8.400e-01	8.400e-01	8.400e-01	7.200e-01	8.400e-01	7.200e-01	7.600e-01	6.400e-01	6.400e-01	4.000e-01
19	16	8.800e-01	9.200e-01	8.400e-01	8.000e-01	8.400e-01	5.600e-01	8.000e-01	4.800e-01	7.200e-01	4.400e-01	6.400e-01	4.000e-01
19	17	8.400e-01	8.000e-01	8.000e-01	7.600e-01	8.000e-01	7.600e-01	7.600e-01	7.200e-01	7.200e-01	5.200e-01	6.000e-01	5.200e-01
19	18	9.200e-01	8.400e-01	8.400e-01	7.600e-01	8.000e-01	7.200e-01	6.800e-01	7.200e-01	5.600e-01	7.200e-01	4.400e-01	6.000e-01
19	19	8.800e-01	8.000e-01	8.800e-01	8.000e-01	7.200e-01	7.200e-01	7.200e-01	7.200e-01	6.000e-01	6.000e-01	5.600e-01	4.400e-01
19	20	8.400e-01	9.200e-01	8.000e-01	8.400e-01	8.000e-01	8.000e-01	7.600e-01	7.200e-01	7.200e-01	5.600e-01	6.400e-01	4.000e-01
20	0	9.200e-01	9.200e-01	8.800e-01	9.200e-01	7.600e-01	8.400e-01	7.200e-01	7.600e-01	7.200e-01	6.400e-01	4.800e-01	5.200e-01
20	1	8.400e-01	1.000e+00	7.200e-01	1.000e+00	6.800e-01	9.600e-01	6.800e-01	8.000e-01	6.000e-01	7.200e-01	5.600e-01	5.200e-01
20	2	8.800e-01	8.800e-01	8.800e-01	8.800e-01	7.200e-01	8.800e-01	7.200e-01	8.800e-01	4.800e-01	6.800e-01	4.000e-01	6.400e-01
20	3	9.200e-01	1.000e+00	8.400e-01	9.200e-01	7.600e-01	8.000e-01	7.600e-01	7.200e-01	6.000e-01	6.800e-01	4.800e-01	6.000e-01
20	4	8.000e-01	9.600e-01	6.800e-01	8.800e-01	6.400e-01	8.800e-01	6.400e-01	8.000e-01	5.600e-01	6.000e-01	5.200e-01	5.600e-01
20	5	9.200e-01	8.800e-01	8.000e-01	8.800e-01	6.800e-01	7.600e-01	6.400e-01	7.200e-01	5.600e-01	6.800e-01	4.800e-01	5.600e-01
20	6	9.600e-01	8.800e-01	8.800e-01	7.200e-01	8.000e-01	6.800e-01	8.000e-01	6.400e-01	6.400e-01	6.400e-01	5.200e-01	5.600e-01
20	7	8.800e-01	9.600e-01	8.400e-01	8.000e-01	8.400e-01	6.800e-01	7.200e-01	6.400e-01	7.200e-01	5.600e-01	6.400e-01	4.000e-01
20	8	8.800e-01	8.800e-01	8.400e-01	8.000e-01	8.000e-01	6.800e-01	7.600e-01	6.800e-01	6.800e-01	5.600e-01	6.000e-01	4.800e-01
20	9	8.800e-01	9.600e-01	8.400e-01	8.800e-01	7.600e-01	8.000e-01	7.600e-01	8.000e-01	6.400e-01	6.000e-01	5.200e-01	4.800e-01
20	10	9.200e-01	9.600e-01	8.400e-01	8.400e-01	8.000e-01	8.000e-01	8.000e-01	7.600e-01	6.800e-01	6.800e-01	4.800e-01	5.600e-01
20	11	9.200e-01	9.200e-01	8.000e-01	8.800e-01	7.200e-01	8.400e-01	6.000e-01	8.400e-01	6.000e-01	8.400e-01	4.800e-01	6.800e-01
20	12	8.800e-01	9.200e-01	8.400e-01	8.400e-01	7.600e-01	8.000e-01	7.600e-01	8.000e-01	5.600e-01	6.800e-01	5.600e-01	6.400e-01
20	13	8.800e-01	1.000e+00	8.400e-01	7.200e-01	8.000e-01	7.200e-01	8.000e-01	7.200e-01	7.600e-01	5.600e-01	5.600e-01	5.200e-01
20	14	9.200e-01	9.200e-01	8.000e-01	8.800e-01	6.400e-01	8.400e-01	6.400e-01	8.400e-01	5.200e-01	8.400e-01	4.000e-01	6.400e-01
20	15	8.800e-01	8.400e-01	8.400e-01	8.000e-01	7.200e-01	7.600e-01	6.800e-01	7.600e-01	6.400e-01	6.000e-01	6.000e-01	4.800e-01
20	16	9.600e-01	6.800e-01	9.200e-01	6.000e-01	8.800e-01	6.000e-01	8.400e-01	6.000e-01	6.800e-01	4.800e-01	6.400e-01	4.000e-01
20	17	8.400e-01	8.000e-01	8.400e-01	7.600e-01	8.400e-01	7.200e-01	7.600e-01	5.200e-01	7.200e-01	5.200e-01	6.000e-01	5.200e-01
20	18	1.000e+00	9.200e-01	8.800e-01	7.600e-01	8.800e-01	6.800e-01	7.600e-01	6.000e-01	7.600e-01	5.600e-01	6.400e-01	4.000e-01
20	19	9.200e-01	1.000e+00	8.000e-01	8.400e-01	7.600e-01	7.200e-01	7.200e-01	7.200e-01	6.800e-01	6.800e-01	5.600e-01	6.000e-01
20	20	9.600e-01	8.400e-01	8.000e-01	8.000e-01	8.000e-01	7.200e-01	8.000e-01	7.200e-01	7.200e-01	4.000e-01	7.200e-01	3.600e-01
