x	y	0.fitness.0.	0.fitness.1.	5000.fitness.0.	5000.fitness.1.	10000.fitness.0.	10000.fitness.1.	15000.fitness.0.	15000.fitness.1.	25000.fitness.0.	25000.fitness.1.	50000.fitness.0.	50000.fitness.1.
0	0	nan	nan	nan	nan	nan	nan	nan	nan	nan	nan	nan	nan
0	1	nan	nan	nan	nan	nan	nan	nan	nan	nan	nan	nan	nan
0	2	nan	nan	nan	nan	nan	nan	nan	nan	nan	nan	nan	nan
0	3	nan	nan	nan	nan	nan	nan	nan	nan	nan	nan	nan	nan
0	4	nan	nan	nan	nan	nan	nan	nan	nan	nan	nan	nan	nan
0	5	6.827e+00	6.319e+00	4.186e+00	3.366e+00	4.119e+00	3.253e+00	3.493e+00	2.912e+00	3.480e+00	2.785e+00	3.422e+00	2.715e+00
0	6	nan	nan	nan	nan	nan	nan	nan	nan	nan	nan	nan	nan
0	7	nan	nan	nan	nan	nan	nan	nan	nan	nan	nan	nan	nan
0	8	nan	nan	nan	nan	nan	nan	nan	nan	nan	nan	nan	nan
0	9	nan	nan	nan	nan	nan	nan	nan	nan	nan	nan	nan	nan
0	10	nan	nan	nan	nan	nan	nan	nan	nan	nan	nan	nan	nan
1	0	nan	nan	nan	nan	nan	nan	nan	nan	nan	nan	nan	nan
1	1	5.917e+00	5.656e+00	3.948e+00	4.008e+00	3.231e+00	3.211e+00	3.231e+00	3.211e+00	3.027e+00	2.950e+00	2.807e+00	2.757e+00
1	2	6.355e+00	6.344e+00	3.716e+00	3.876e+00	3.139e+00	3.524e+00	2.834e+00	3.089e+00	2.834e+00	3.089e+00	2.834e+00	3.089e+00
1	3	6.934e+00	5.931e+00	3.173e+00	3.928e+00	2.960e+00	3.826e+00	2.702e+00	3.790e+00	2.416e+00	3.527e+00	2.416e+00	3.527e+00
1	4	6.468e+00	5.005e+00	3.269e+00	3.828e+00	2.897e+00	3.461e+00	2.885e+00	3.326e+00	2.885e+00	3.326e+00	2.711e+00	3.282e+00
1	5	nan	nan	nan	nan	nan	nan	nan	nan	nan	nan	nan	nan
1	6	6.537e+00	6.361e+00	4.476e+00	3.026e+00	3.713e+00	2.367e+00	3.713e+00	2.367e+00	3.576e+00	2.233e+00	3.576e+00	2.233e+00
1	7	7.157e+00	5.632e+00	4.787e+00	3.039e+00	4.208e+00	2.518e+00	4.067e+00	2.380e+00	3.869e+00	1.985e+00	3.869e+00	1.985e+00
1	8	6.942e+00	6.543e+00	4.565e+00	3.406e+00	3.724e+00	3.365e+00	3.543e+00	3.180e+00	3.543e+00	3.180e+00	3.325e+00	2.645e+00
1	9	6.448e+00	5.087e+00	4.528e+00	3.868e+00	4.172e+00	2.722e+00	3.976e+00	2.634e+00	3.791e+00	2.275e+00	3.791e+00	2.275e+00
1	10	nan	nan	nan	nan	nan	nan	nan	nan	nan	nan	nan	nan
2	0	nan	nan	nan	nan	nan	nan	nan	nan	nan	nan	nan	nan
2	1	5.383e+00	5.192e+00	4.000e+00	3.192e+00	3.350e+00	2.788e+00	3.350e+00	2.788e+00	3.350e+00	2.788e+00	3.009e+00	2.578e+00
2	2	7.003e+00	4.995e+00	4.401e+00	3.879e+00	3.186e+00	3.599e+00	2.609e+00	3.032e+00	2.609e+00	3.032e+00	2.446e+00	3.010e+00
2	3	5.490e+00	5.618e+00	3.116e+00	4.266e+00	2.943e+00	3.412e+00	2.828e+00	3.357e+00	2.501e+00	3.335e+00	2.501e+00	3.335e+00
2	4	6.718e+00	5.882e+00	3.593e+00	3.871e+00	3.024e+00	3.618e+00	3.007e+00	3.330e+00	3.007e+00	3.330e+00	2.612e+00	3.138e+00
2	5	nan	nan	nan	nan	nan	nan	nan	nan	nan	nan	nan	nan
2	6	5.749e+00	5.420e+00	4.421e+00	4.045e+00	4.270e+00	3.120e+00	3.978e+00	2.869e+00	3.230e+00	2.675e+00	3.110e+00	2.663e+00
2	7	7.363e+00	6.267e+00	4.354e+00	3.164e+00	3.967e+00	2.694e+00	3.967e+00	2.694e+00	3.620e+00	2.402e+00	3.385e+00	2.215e+00
2	8	6.394e+00	5.578e+00	4.841e+00	3.304e+00	4.051e+00	2.867e+00	3.742e+00	2.142e+00	3.654e+00	2.139e+00	3.654e+00	2.139e+00
2	9	5.707e+00	5.801e+00	4.517e+00	4.232e+00	3.950e+00	2.863e+00	3.486e+00	2.837e+00	3.426e+00	2.348e+00	3.426e+00	2.348e+00
2	10	nan	nan	nan	nan	nan	nan	nan	nan	nan	nan	nan	nan
3	0	nan	nan	nan	nan	nan	nan	nan	nan	nan	nan	nan	nan
3	1	7.409e+00	6.177e+00	3.517e+00	3.925e+00	3.360e+00	3.453e+00	3.106e+00	3.068e+00	3.106e+00	3.068e+00	2.947e+00	2.984e+00
3	2	5.237e+00	5.589e+00	3.217e+00	3.864e+00	2.463e+00	3.098e+00	2.463e+00	3.098e+00	2.463e+00	3.098e+00	2.463e+00	3.098e+00
3	3	5.644e+00	5.369e+00	3.564e+00	3.922e+00	2.755e+00	3.576e+00	2.466e+00	3.223e+00	2.466e+00	3.223e+00	2.466e+00	3.223e+00
3	4	5.789e+00	5.688e+00	3.319e+00	3.783e+00	3.293e+00	3.276e+00	3.200e+00	3.268e+00	3.086e+00	2.651e+00	3.086e+00	2.651e+00
3	5	nan	nan	nan	nan	nan	nan	nan	nan	nan	nan	nan	nan
3	6	6.578e+00	6.428e+00	4.012e+00	3.998e+00	3.240e+00	3.217e+00	3.171e+00	2.978e+00	3.171e+00	2.978e+00	3.171e+00	2.978e+00
3	7	7.438e+00	6.079e+00	4.645e+00	3.027e+00	4.645e+00	3.027e+00	3.811e+00	2.311e+00	3.811e+00	2.311e+00	3.811e+00	2.311e+00
3	8	6.354e+00	5.806e+00	4.304e+00	3.319e+00	4.067e+00	2.554e+00	3.774e+00	2.103e+00	3.774e+00	2.103e+00	3.774e+00	2.103e+00
3	9	7.119e+00	6.092e+00	3.769e+00	3.472e+00	3.611e+00	3.135e+00	3.457e+00	3.018e+00	3.232e+00	2.724e+00	3.116e+00	2.710e+00
3	10	nan	nan	nan	nan	nan	nan	nan	nan	nan	nan	nan	nan
4	0	nan	nan	nan	nan	nan	nan	nan	nan	nan	nan	nan	nan
4	1	6.840e+00	6.443e+00	3.307e+00	4.041e+00	2.733e+00	3.595e+00	2.296e+00	3.347e+00	2.296e+00	3.347e+00	2.296e+00	3.347e+00
4	2	5.899e+00	5.665e+00	2.802e+00	4.111e+00	2.802e+00	4.111e+00	2.657e+00	4.055e+00	2.419e+00	3.482e+00	2.419e+00	3.482e+00
4	3	6.212e+00	5.612e+00	3.703e+00	3.606e+00	3.260e+00	3.396e+00	3.108e+00	2.921e+00	3.108e+00	2.921e+00	2.926e+00	2.855e+00
4	4	5.452e+00	4.960e+00	4.076e+00	3.328e+00	3.645e+00	2.826e+00	3.645e+00	2.826e+00	3.362e+00	2.626e+00	3.362e+00	2.626e+00
4	5	nan	nan	nan	nan	nan	nan	nan	nan	nan	nan	nan	nan
4	6	6.981e+00	5.871e+00	3.706e+00	3.365e+00	3.376e+00	3.176e+00	3.376e+00	3.176e+00	3.213e+00	2.846e+00	3.134e+00	2.788e+00
4	7	6.706e+00	7.050e+00	4.995e+00	2.775e+00	4.207e+00	2.512e+00	3.557e+00	2.502e+00	3.557e+00	2.502e+00	3.557e+00	2.502e+00
4	8	6.436e+00	5.633e+00	3.380e+00	3.152e+00	3.380e+00	3.152e+00	3.190e+00	3.054e+00	2.999e+00	2.942e+00	2.999e+00	2.942e+00
4	9	7.075e+00	6.235e+00	3.964e+00	3.952e+00	3.354e+00	3.434e+00	3.305e+00	3.253e+00	3.087e+00	2.981e+00	2.974e+00	2.882e+00
4	10	nan	nan	nan	nan	nan	nan	nan	nan	nan	nan	nan	nan
5	0	6.580e+00	5.773e+00	4.487e+00	3.654e+00	3.140e+00	3.365e+00	3.132e+00	3.349e+00	2.954e+00	2.981e+00	2.953e+00	2.815e+00
5	1	nan	nan	nan	nan	nan	nan	nan	nan	nan	nan	nan	nan
5	2	nan	nan	nan	nan	nan	nan	nan	nan	nan	nan	nan	nan
5	3	nan	nan	nan	nan	nan	nan	nan	nan	nan	nan	nan	nan
5	4	nan	nan	nan	nan	nan	nan	nan	nan	nan	nan	nan	nan
5	5	7.532e+00	6.342e+00	4.470e+00	3.362e+00	4.063e+00	2.751e+00	3.890e+00	2.585e+00	3.855e+00	2.481e+00	3.524e+00	2.474e+00
5	6	nan	nan	nan	nan	nan	nan	nan	nan	nan	nan	nan	nan
5	7	nan	nan	nan	nan	nan	nan	nan	nan	nan	nan	nan	nan
5	8	nan	nan	nan	nan	nan	nan	nan	nan	nan	nan	nan	nan
5	9	nan	nan	nan	nan	nan	nan	nan	nan	nan	nan	nan	nan
5	10	6.615e+00	5.525e+00	3.738e+00	3.871e+00	3.658e+00	3.631e+00	3.098e+00	2.891e+00	3.098e+00	2.891e+00	3.098e+00	2.891e+00
6	0	nan	nan	nan	nan	nan	nan	nan	nan	nan	nan	nan	nan
6	1	6.321e+00	5.898e+00	3.699e+00	3.377e+00	3.591e+00	3.190e+00	3.092e+00	2.959e+00	2.988e+00	2.847e+00	2.988e+00	2.847e+00
6	2	7.297e+00	5.867e+00	4.042e+00	2.576e+00	3.836e+00	2.465e+00	3.554e+00	2.280e+00	3.554e+00	2.280e+00	3.554e+00	2.280e+00
6	3	5.766e+00	6.089e+00	3.630e+00	3.500e+00	2.855e+00	3.479e+00	2.697e+00	3.395e+00	2.581e+00	3.076e+00	2.581e+00	3.076e+00
6	4	6.217e+00	6.256e+00	4.229e+00	3.371e+00	3.897e+00	2.594e+00	3.725e+00	2.553e+00	3.725e+00	2.553e+00	3.678e+00	2.402e+00
6	5	nan	nan	nan	nan	nan	nan	nan	nan	nan	nan	nan	nan
6	6	6.362e+00	5.464e+00	4.021e+00	3.688e+00	3.864e+00	3.583e+00	3.410e+00	3.160e+00	3.142e+00	2.842e+00	3.040e+00	2.540e+00
6	7	6.758e+00	5.951e+00	3.691e+00	3.945e+00	3.404e+00	3.829e+00	3.226e+00	3.730e+00	3.098e+00	3.257e+00	2.774e+00	3.111e+00
6	8	5.536e+00	5.847e+00	3.932e+00	3.729e+00	3.586e+00	3.285e+00	3.429e+00	3.122e+00	3.364e+00	2.835e+00	3.289e+00	2.829e+00
6	9	5.777e+00	6.060e+00	4.334e+00	4.454e+00	3.144e+00	3.382e+00	2.957e+00	3.378e+00	2.957e+00	3.378e+00	2.619e+00	3.367e+00
6	10	nan	nan	nan	nan	nan	nan	nan	nan	nan	nan	nan	nan
7	0	nan	nan	nan	nan	nan	nan	nan	nan	nan	nan	nan	nan
7	1	6.758e+00	6.340e+00	3.719e+00	3.246e+00	3.050e+00	3.072e+00	3.041e+00	2.959e+00	3.013e+00	2.908e+00	3.013e+00	2.908e+00
7	2	7.206e+00	5.881e+00	4.161e+00	2.971e+00	3.782e+00	2.759e+00	3.673e+00	2.478e+00	3.673e+00	2.478e+00	3.219e+00	2.463e+00
7	3	5.834e+00	5.121e+00	4.702e+00	3.309e+00	3.455e+00	2.982e+00	3.455e+00	2.982e+00	3.358e+00	2.927e+00	3.182e+00	2.857e+00
7	4	6.561e+00	4.932e+00	4.459e+00	3.070e+00	4.045e+00	2.715e+00	4.045e+00	2.715e+00	3.827e+00	2.455e+00	3.433e+00	2.353e+00
7	5	nan	nan	nan	nan	nan	nan	nan	nan	nan	nan	nan	nan
7	6	5.759e+00	5.348e+00	4.395e+00	3.538e+00	4.197e+00	2.426e+00	4.197e+00	2.426e+00	4.197e+00	2.426e+00	3.636e+00	2.172e+00
7	7	6.755e+00	6.332e+00	3.602e+00	3.700e+00	3.581e+00	3.616e+00	3.397e+00	2.605e+00	3.397e+00	2.605e+00	3.269e+00	2.386e+00
7	8	6.436e+00	5.891e+00	3.724e+00	3.864e+00	3.252e+00	3.786e+00	3.229e+00	3.580e+00	2.960e+00	3.127e+00	2.851e+00	2.979e+00
7	9	7.265e+00	6.653e+00	3.576e+00	3.919e+00	2.654e+00	3.555e+00	2.654e+00	3.555e+00	2.654e+00	3.555e+00	2.654e+00	3.555e+00
7	10	nan	nan	nan	nan	nan	nan	nan	nan	nan	nan	nan	nan
8	0	nan	nan	nan	nan	nan	nan	nan	nan	nan	nan	nan	nan
8	1	6.464e+00	5.236e+00	3.834e+00	3.364e+00	3.386e+00	2.950e+00	3.231e+00	2.772e+00	3.231e+00	2.772e+00	3.187e+00	2.619e+00
8	2	6.723e+00	5.770e+00	4.030e+00	3.068e+00	3.627e+00	3.033e+00	3.333e+00	2.693e+00	3.333e+00	2.693e+00	3.333e+00	2.693e+00
8	3	6.480e+00	5.445e+00	4.507e+00	3.002e+00	3.993e+00	2.860e+00	3.905e+00	2.411e+00	3.795e+00	2.322e+00	3.727e+00	2.137e+00
8	4	6.041e+00	5.436e+00	4.068e+00	3.142e+00	3.738e+00	3.007e+00	3.680e+00	2.831e+00	3.322e+00	2.737e+00	3.238e+00	2.496e+00
8	5	nan	nan	nan	nan	nan	nan	nan	nan	nan	nan	nan	nan
8	6	6.525e+00	5.315e+00	4.302e+00	4.025e+00	3.957e+00	2.585e+00	3.840e+00	2.471e+00	3.530e+00	2.384e+00	3.280e+00	2.281e+00
8	7	5.501e+00	5.232e+00	4.060e+00	3.550e+00	3.758e+00	2.763e+00	3.532e+00	2.589e+00	3.532e+00	2.589e+00	3.532e+00	2.589e+00
8	8	6.128e+00	6.225e+00	3.549e+00	3.792e+00	3.524e+00	3.667e+00	2.992e+00	3.332e+00	2.992e+00	3.332e+00	2.936e+00	3.117e+00
8	9	6.556e+00	5.595e+00	4.545e+00	3.543e+00	3.627e+00	3.160e+00	3.437e+00	2.918e+00	2.889e+00	2.755e+00	2.889e+00	2.755e+00
8	10	nan	nan	nan	nan	nan	nan	nan	nan	nan	nan	nan	nan
9	0	nan	nan	nan	nan	nan	nan	nan	nan	nan	nan	nan	nan
9	1	6.378e+00	6.889e+00	4.160e+00	3.456e+00	3.139e+00	2.920e+00	3.139e+00	2.920e+00	3.139e+00	2.920e+00	3.139e+00	2.920e+00
9	2	5.900e+00	6.265e+00	3.845e+00	3.825e+00	3.536e+00	2.969e+00	3.536e+00	2.969e+00	3.536e+00	2.969e+00	3.131e+00	2.700e+00
9	3	6.743e+00	5.856e+00	3.831e+00	3.502e+00	3.609e+00	3.267e+00	3.515e+00	3.247e+00	2.893e+00	3.067e+00	2.889e+00	3.018e+00
9	4	7.195e+00	6.228e+00	3.549e+00	4.135e+00	2.936e+00	3.974e+00	2.737e+00	3.572e+00	2.643e+00	3.290e+00	2.643e+00	3.290e+00
9	5	nan	nan	nan	nan	nan	nan	nan	nan	nan	nan	nan	nan
9	6	6.225e+00	6.113e+00	4.208e+00	3.677e+00	3.643e+00	3.269e+00	3.512e+00	2.970e+00	3.289e+00	2.900e+00	3.154e+00	2.632e+00
9	7	6.711e+00	5.706e+00	3.670e+00	3.391e+00	3.670e+00	3.391e+00	3.414e+00	3.304e+00	3.300e+00	3.039e+00	2.910e+00	3.019e+00
9	8	6.067e+00	5.770e+00	3.974e+00	3.619e+00	3.352e+00	3.183e+00	3.352e+00	3.183e+00	3.325e+00	2.773e+00	3.325e+00	2.773e+00
9	9	7.010e+00	6.621e+00	4.022e+00	2.653e+00	4.022e+00	2.653e+00	3.892e+00	2.525e+00	3.619e+00	2.503e+00	3.579e+00	2.450e+00
9	10	nan	nan	nan	nan	nan	nan	nan	nan	nan	nan	nan	nan
10	0	nan	nan	nan	nan	nan	nan	nan	nan	nan	nan	nan	nan
10	1	nan	nan	nan	nan	nan	nan	nan	nan	nan	nan	nan	nan
10	2	nan	nan	nan	nan	nan	nan	nan	nan	nan	nan	nan	nan
10	3	nan	nan	nan	nan	nan	nan	nan	nan	nan	nan	nan	nan
10	4	nan	nan	nan	nan	nan	nan	nan	nan	nan	nan	nan	nan
10	5	6.274e+00	5.719e+00	3.581e+00	3.343e+00	3.581e+00	3.343e+00	2.987e+00	3.317e+00	2.987e+00	3.317e+00	2.826e+00	3.261e+00
10	6	nan	nan	nan	nan	nan	nan	nan	nan	nan	nan	nan	nan
10	7	nan	nan	nan	nan	nan	nan	nan	nan	nan	nan	nan	nan
10	8	nan	nan	nan	nan	nan	nan	nan	nan	nan	nan	nan	nan
10	9	nan	nan	nan	nan	nan	nan	nan	nan	nan	nan	nan	nan
10	10	nan	nan	nan	nan	nan	nan	nan	nan	nan	nan	nan	nan
