x	y	0.fitness.0.	0.fitness.1.	5000.fitness.0.	5000.fitness.1.	10000.fitness.0.	10000.fitness.1.	15000.fitness.0.	15000.fitness.1.	25000.fitness.0.	25000.fitness.1.	50000.fitness.0.	50000.fitness.1.
0	0	8.423e+00	9.830e+00	7.421e+00	9.198e+00	6.701e+00	8.452e+00	6.533e+00	8.145e+00	5.676e+00	6.959e+00	3.980e+00	6.190e+00
0	1	8.086e+00	9.865e+00	7.512e+00	8.684e+00	6.310e+00	7.903e+00	6.115e+00	7.671e+00	5.237e+00	6.555e+00	4.182e+00	6.214e+00
0	2	8.664e+00	1.034e+01	6.978e+00	8.361e+00	6.978e+00	8.361e+00	6.978e+00	8.361e+00	5.493e+00	6.955e+00	4.116e+00	5.367e+00
0	3	8.810e+00	1.052e+01	7.739e+00	9.314e+00	7.626e+00	9.247e+00	5.225e+00	6.910e+00	5.225e+00	6.910e+00	4.230e+00	6.091e+00
0	4	8.639e+00	1.016e+01	7.503e+00	9.500e+00	7.226e+00	9.310e+00	6.520e+00	8.304e+00	5.914e+00	7.087e+00	4.264e+00	5.003e+00
0	5	8.442e+00	9.725e+00	8.239e+00	9.265e+00	8.239e+00	9.265e+00	5.957e+00	7.353e+00	5.715e+00	7.296e+00	4.575e+00	5.364e+00
0	6	8.198e+00	9.968e+00	7.537e+00	9.141e+00	7.313e+00	9.064e+00	6.037e+00	7.605e+00	5.262e+00	7.172e+00	4.767e+00	6.229e+00
0	7	7.161e+00	8.908e+00	7.161e+00	8.908e+00	6.753e+00	8.134e+00	6.656e+00	7.933e+00	6.035e+00	6.844e+00	4.925e+00	5.734e+00
0	8	8.587e+00	1.030e+01	7.410e+00	8.847e+00	7.096e+00	8.111e+00	7.024e+00	7.931e+00	5.615e+00	6.508e+00	5.068e+00	5.253e+00
0	9	8.932e+00	9.665e+00	7.554e+00	9.396e+00	7.117e+00	8.616e+00	7.053e+00	8.042e+00	5.224e+00	6.585e+00	4.547e+00	5.527e+00
0	10	7.539e+00	9.346e+00	7.351e+00	8.788e+00	7.096e+00	8.227e+00	6.842e+00	7.659e+00	5.223e+00	6.642e+00	4.376e+00	5.318e+00
0	11	7.991e+00	9.664e+00	6.828e+00	8.821e+00	6.617e+00	8.575e+00	6.617e+00	8.575e+00	4.690e+00	6.949e+00	4.050e+00	6.002e+00
0	12	8.846e+00	1.014e+01	8.177e+00	9.495e+00	6.118e+00	8.639e+00	5.810e+00	8.335e+00	4.386e+00	6.721e+00	3.615e+00	6.701e+00
0	13	9.053e+00	1.044e+01	6.860e+00	8.599e+00	6.009e+00	8.088e+00	5.480e+00	7.809e+00	4.136e+00	6.173e+00	3.870e+00	5.669e+00
0	14	8.035e+00	9.843e+00	6.677e+00	7.915e+00	5.770e+00	7.621e+00	5.770e+00	7.621e+00	5.491e+00	6.633e+00	4.154e+00	5.803e+00
0	15	8.199e+00	9.587e+00	7.075e+00	8.454e+00	5.614e+00	7.368e+00	5.614e+00	7.368e+00	5.303e+00	6.673e+00	4.477e+00	5.684e+00
0	16	7.648e+00	9.279e+00	7.433e+00	9.155e+00	6.498e+00	8.405e+00	6.498e+00	8.405e+00	5.157e+00	6.676e+00	4.032e+00	5.665e+00
0	17	8.034e+00	9.643e+00	7.634e+00	9.268e+00	6.555e+00	7.651e+00	5.163e+00	6.929e+00	5.077e+00	6.790e+00	3.983e+00	5.017e+00
0	18	8.197e+00	9.822e+00	7.067e+00	8.794e+00	6.679e+00	8.057e+00	5.904e+00	7.446e+00	5.802e+00	6.968e+00	4.287e+00	5.351e+00
0	19	7.868e+00	9.784e+00	7.772e+00	9.477e+00	6.429e+00	7.946e+00	6.429e+00	7.946e+00	6.099e+00	7.905e+00	3.465e+00	5.643e+00
0	20	7.855e+00	1.006e+01	7.855e+00	1.006e+01	6.837e+00	9.060e+00	6.313e+00	8.118e+00	5.941e+00	7.058e+00	4.123e+00	5.787e+00
1	0	8.089e+00	9.675e+00	7.607e+00	9.143e+00	6.600e+00	8.624e+00	6.126e+00	7.978e+00	4.908e+00	7.465e+00	3.899e+00	6.569e+00
1	1	8.149e+00	1.005e+01	7.108e+00	8.932e+00	6.607e+00	8.734e+00	6.350e+00	8.369e+00	4.844e+00	6.400e+00	4.230e+00	5.799e+00
1	2	7.929e+00	9.570e+00	6.358e+00	8.028e+00	6.358e+00	8.028e+00	6.043e+00	7.883e+00	5.049e+00	6.889e+00	4.302e+00	5.525e+00
1	3	8.139e+00	9.589e+00	7.545e+00	9.446e+00	6.131e+00	8.077e+00	6.131e+00	8.077e+00	5.240e+00	7.278e+00	4.144e+00	6.369e+00
1	4	7.935e+00	9.745e+00	7.760e+00	9.071e+00	6.938e+00	8.119e+00	6.523e+00	7.884e+00	5.377e+00	7.360e+00	4.232e+00	6.378e+00
1	5	7.763e+00	9.289e+00	7.560e+00	9.286e+00	7.290e+00	9.248e+00	6.750e+00	8.246e+00	5.794e+00	6.811e+00	4.415e+00	5.146e+00
1	6	7.949e+00	9.688e+00	7.949e+00	9.688e+00	7.626e+00	9.373e+00	6.599e+00	8.043e+00	5.637e+00	6.515e+00	4.471e+00	4.954e+00
1	7	7.814e+00	9.049e+00	7.496e+00	8.997e+00	6.987e+00	8.346e+00	6.838e+00	8.111e+00	6.192e+00	6.445e+00	5.128e+00	5.818e+00
1	8	9.001e+00	1.094e+01	7.735e+00	9.290e+00	7.157e+00	8.501e+00	6.841e+00	8.098e+00	5.115e+00	6.385e+00	4.427e+00	5.819e+00
1	9	8.028e+00	9.928e+00	7.493e+00	9.739e+00	7.493e+00	9.739e+00	6.555e+00	7.102e+00	5.996e+00	6.653e+00	4.038e+00	5.694e+00
1	10	7.457e+00	8.756e+00	7.457e+00	8.756e+00	7.223e+00	8.375e+00	7.223e+00	8.375e+00	5.137e+00	7.030e+00	3.996e+00	4.791e+00
1	11	8.453e+00	9.896e+00	7.787e+00	9.294e+00	6.762e+00	8.866e+00	6.749e+00	8.547e+00	5.176e+00	6.439e+00	4.438e+00	5.767e+00
1	12	7.872e+00	9.605e+00	7.510e+00	9.047e+00	6.159e+00	7.751e+00	6.101e+00	7.605e+00	5.240e+00	7.185e+00	4.272e+00	5.912e+00
1	13	8.039e+00	9.857e+00	6.821e+00	8.215e+00	5.368e+00	7.653e+00	5.323e+00	7.421e+00	4.123e+00	6.587e+00	4.123e+00	6.587e+00
1	14	8.263e+00	9.837e+00	6.949e+00	8.325e+00	6.900e+00	8.191e+00	6.234e+00	8.022e+00	5.348e+00	6.241e+00	4.713e+00	5.722e+00
1	15	7.228e+00	8.424e+00	7.228e+00	8.424e+00	7.178e+00	8.241e+00	6.129e+00	7.872e+00	4.776e+00	6.464e+00	4.063e+00	5.801e+00
1	16	8.237e+00	9.422e+00	8.071e+00	9.190e+00	6.940e+00	7.625e+00	5.574e+00	7.123e+00	5.545e+00	7.116e+00	4.586e+00	5.211e+00
1	17	8.093e+00	9.352e+00	7.503e+00	8.491e+00	6.552e+00	7.533e+00	6.113e+00	7.360e+00	5.610e+00	6.457e+00	3.978e+00	4.781e+00
1	18	8.400e+00	9.381e+00	8.103e+00	9.108e+00	7.533e+00	8.676e+00	6.752e+00	7.414e+00	5.407e+00	6.864e+00	4.324e+00	5.332e+00
1	19	8.366e+00	9.535e+00	7.342e+00	8.820e+00	6.342e+00	8.257e+00	6.342e+00	8.257e+00	5.412e+00	6.476e+00	4.361e+00	6.033e+00
1	20	7.993e+00	9.163e+00	7.764e+00	8.841e+00	6.207e+00	8.417e+00	5.396e+00	7.061e+00	5.230e+00	6.757e+00	4.197e+00	6.065e+00
2	0	8.161e+00	1.022e+01	8.108e+00	9.544e+00	7.979e+00	9.482e+00	7.082e+00	8.413e+00	4.173e+00	6.396e+00	4.173e+00	6.396e+00
2	1	8.812e+00	1.029e+01	7.368e+00	9.022e+00	6.921e+00	8.588e+00	5.862e+00	7.727e+00	4.541e+00	7.177e+00	4.040e+00	5.583e+00
2	2	8.632e+00	1.036e+01	7.133e+00	9.471e+00	5.848e+00	7.853e+00	5.848e+00	7.853e+00	4.512e+00	6.897e+00	4.188e+00	6.425e+00
2	3	8.038e+00	9.747e+00	8.031e+00	9.716e+00	6.297e+00	8.264e+00	6.297e+00	8.264e+00	4.896e+00	6.330e+00	4.432e+00	5.994e+00
2	4	8.044e+00	9.812e+00	8.019e+00	9.554e+00	6.480e+00	8.312e+00	6.118e+00	8.063e+00	4.967e+00	7.223e+00	4.536e+00	6.692e+00
2	5	8.458e+00	1.010e+01	8.107e+00	9.960e+00	6.427e+00	7.927e+00	6.012e+00	7.073e+00	5.839e+00	6.600e+00	4.777e+00	4.794e+00
2	6	7.423e+00	9.435e+00	6.843e+00	8.385e+00	6.843e+00	8.385e+00	6.086e+00	7.674e+00	5.538e+00	7.142e+00	4.809e+00	5.793e+00
2	7	8.573e+00	9.879e+00	7.937e+00	9.589e+00	6.710e+00	8.385e+00	6.710e+00	8.385e+00	4.976e+00	6.843e+00	4.646e+00	5.824e+00
2	8	8.054e+00	9.994e+00	7.369e+00	8.821e+00	6.888e+00	8.121e+00	6.888e+00	8.121e+00	5.230e+00	7.314e+00	4.341e+00	6.130e+00
2	9	8.751e+00	1.065e+01	7.908e+00	9.502e+00	6.726e+00	8.104e+00	6.726e+00	8.104e+00	5.984e+00	7.193e+00	4.086e+00	5.587e+00
2	10	8.161e+00	1.011e+01	7.727e+00	9.214e+00	7.332e+00	8.572e+00	6.609e+00	7.551e+00	5.463e+00	6.837e+00	4.774e+00	5.938e+00
2	11	7.366e+00	9.521e+00	7.366e+00	9.521e+00	6.719e+00	8.808e+00	5.896e+00	7.596e+00	5.475e+00	7.424e+00	4.213e+00	6.222e+00
2	12	8.050e+00	1.021e+01	7.194e+00	9.376e+00	6.756e+00	8.836e+00	6.756e+00	8.836e+00	5.652e+00	6.967e+00	4.247e+00	6.066e+00
2	13	7.438e+00	9.059e+00	6.740e+00	8.622e+00	6.568e+00	8.358e+00	6.457e+00	8.046e+00	4.618e+00	7.069e+00	4.339e+00	5.693e+00
2	14	8.506e+00	9.906e+00	7.134e+00	9.300e+00	7.024e+00	9.112e+00	6.216e+00	7.610e+00	5.002e+00	7.076e+00	3.984e+00	6.319e+00
2	15	9.409e+00	1.108e+01	7.453e+00	8.786e+00	7.368e+00	8.347e+00	5.659e+00	7.334e+00	5.448e+00	6.861e+00	4.475e+00	5.937e+00
2	16	7.256e+00	8.769e+00	6.872e+00	8.570e+00	6.473e+00	7.100e+00	6.028e+00	6.870e+00	5.637e+00	6.831e+00	4.275e+00	5.673e+00
2	17	7.847e+00	9.651e+00	7.537e+00	8.724e+00	6.681e+00	7.854e+00	6.622e+00	7.537e+00	5.715e+00	6.805e+00	4.476e+00	4.815e+00
2	18	8.929e+00	1.033e+01	6.907e+00	8.676e+00	6.723e+00	8.163e+00	6.224e+00	7.479e+00	5.312e+00	6.681e+00	4.496e+00	5.444e+00
2	19	7.975e+00	1.012e+01	7.599e+00	9.738e+00	6.821e+00	9.054e+00	5.812e+00	7.572e+00	5.033e+00	6.869e+00	4.059e+00	6.143e+00
2	20	8.305e+00	9.706e+00	8.305e+00	9.706e+00	7.051e+00	8.677e+00	6.895e+00	8.567e+00	4.690e+00	6.915e+00	3.846e+00	5.764e+00
3	0	9.081e+00	1.060e+01	7.895e+00	9.678e+00	7.780e+00	9.320e+00	6.275e+00	8.238e+00	4.965e+00	7.302e+00	4.122e+00	6.309e+00
3	1	8.118e+00	9.758e+00	7.257e+00	9.567e+00	7.110e+00	8.922e+00	6.037e+00	7.568e+00	6.037e+00	7.568e+00	4.135e+00	6.061e+00
3	2	7.047e+00	9.491e+00	7.047e+00	9.491e+00	6.779e+00	9.391e+00	5.961e+00	8.370e+00	5.343e+00	7.320e+00	4.528e+00	6.250e+00
3	3	7.254e+00	8.946e+00	6.647e+00	8.789e+00	6.069e+00	8.130e+00	6.069e+00	8.130e+00	4.997e+00	6.753e+00	4.323e+00	5.686e+00
3	4	7.985e+00	9.695e+00	7.797e+00	9.694e+00	6.462e+00	8.439e+00	6.415e+00	8.379e+00	5.356e+00	6.299e+00	4.502e+00	5.782e+00
3	5	8.520e+00	1.076e+01	7.989e+00	1.011e+01	6.689e+00	7.982e+00	6.148e+00	7.217e+00	6.148e+00	7.217e+00	4.102e+00	5.367e+00
3	6	7.916e+00	9.183e+00	7.426e+00	8.952e+00	6.036e+00	7.605e+00	5.661e+00	7.348e+00	5.272e+00	6.479e+00	4.254e+00	5.390e+00
3	7	8.132e+00	9.785e+00	7.340e+00	8.856e+00	6.824e+00	8.477e+00	5.572e+00	7.518e+00	5.225e+00	7.070e+00	4.361e+00	5.949e+00
3	8	8.731e+00	1.050e+01	7.323e+00	9.387e+00	7.323e+00	9.387e+00	6.313e+00	7.939e+00	5.255e+00	6.769e+00	4.182e+00	6.234e+00
3	9	7.726e+00	1.000e+01	7.726e+00	1.000e+01	6.884e+00	8.925e+00	6.884e+00	8.925e+00	5.424e+00	7.327e+00	4.486e+00	5.320e+00
3	10	8.425e+00	1.045e+01	8.172e+00	1.023e+01	7.635e+00	9.317e+00	6.079e+00	8.145e+00	6.079e+00	8.145e+00	4.051e+00	6.044e+00
3	11	9.023e+00	1.028e+01	7.796e+00	9.697e+00	7.469e+00	8.968e+00	6.626e+00	8.307e+00	5.698e+00	7.007e+00	4.689e+00	6.329e+00
3	12	8.019e+00	9.786e+00	6.492e+00	8.589e+00	6.492e+00	8.589e+00	5.182e+00	8.040e+00	5.182e+00	8.040e+00	4.369e+00	6.993e+00
3	13	7.523e+00	9.633e+00	7.487e+00	9.586e+00	7.387e+00	9.483e+00	7.085e+00	9.095e+00	5.763e+00	8.435e+00	3.982e+00	5.642e+00
3	14	8.222e+00	1.029e+01	7.465e+00	8.438e+00	5.957e+00	7.889e+00	5.615e+00	7.856e+00	4.548e+00	6.132e+00	4.264e+00	5.603e+00
3	15	7.652e+00	9.434e+00	6.938e+00	8.343e+00	6.922e+00	8.101e+00	5.522e+00	7.651e+00	5.490e+00	7.482e+00	4.574e+00	5.636e+00
3	16	7.653e+00	8.533e+00	6.775e+00	7.706e+00	6.775e+00	7.706e+00	5.876e+00	7.235e+00	5.211e+00	6.983e+00	4.410e+00	5.944e+00
3	17	8.385e+00	9.804e+00	7.653e+00	9.078e+00	6.972e+00	7.873e+00	6.972e+00	7.873e+00	5.236e+00	7.525e+00	4.337e+00	5.597e+00
3	18	8.185e+00	9.928e+00	7.191e+00	8.861e+00	6.431e+00	8.096e+00	6.431e+00	8.096e+00	5.285e+00	6.954e+00	4.329e+00	5.897e+00
3	19	7.710e+00	9.502e+00	7.710e+00	9.502e+00	7.550e+00	9.104e+00	7.550e+00	9.104e+00	4.632e+00	7.079e+00	3.999e+00	6.208e+00
3	20	8.257e+00	9.809e+00	7.798e+00	9.363e+00	7.437e+00	9.023e+00	6.543e+00	8.435e+00	5.595e+00	7.318e+00	3.455e+00	5.959e+00
4	0	8.219e+00	1.013e+01	7.159e+00	8.948e+00	7.159e+00	8.948e+00	7.159e+00	8.948e+00	5.733e+00	6.879e+00	4.101e+00	5.546e+00
4	1	8.915e+00	1.084e+01	7.549e+00	8.677e+00	7.549e+00	8.677e+00	6.376e+00	7.889e+00	5.614e+00	6.662e+00	4.056e+00	5.871e+00
4	2	7.773e+00	9.265e+00	7.674e+00	9.222e+00	7.674e+00	9.222e+00	6.217e+00	7.865e+00	5.457e+00	7.187e+00	4.110e+00	5.676e+00
4	3	8.785e+00	1.058e+01	6.601e+00	8.924e+00	6.497e+00	8.815e+00	6.176e+00	8.390e+00	5.037e+00	6.819e+00	4.003e+00	5.740e+00
4	4	7.975e+00	1.023e+01	7.087e+00	9.006e+00	6.435e+00	7.960e+00	6.435e+00	7.960e+00	5.272e+00	6.784e+00	4.529e+00	5.930e+00
4	5	8.228e+00	9.273e+00	7.062e+00	8.655e+00	7.062e+00	8.655e+00	6.575e+00	8.157e+00	5.148e+00	7.178e+00	4.532e+00	5.621e+00
4	6	8.722e+00	9.638e+00	8.587e+00	9.366e+00	7.111e+00	8.819e+00	6.063e+00	7.983e+00	5.479e+00	7.144e+00	4.160e+00	5.718e+00
4	7	6.877e+00	8.714e+00	6.645e+00	8.437e+00	6.645e+00	8.437e+00	5.691e+00	7.724e+00	5.388e+00	7.189e+00	4.389e+00	5.100e+00
4	8	8.073e+00	1.032e+01	7.056e+00	8.902e+00	6.382e+00	7.843e+00	6.185e+00	7.805e+00	5.359e+00	6.218e+00	4.327e+00	5.491e+00
4	9	7.947e+00	1.015e+01	7.008e+00	9.180e+00	6.434e+00	8.793e+00	5.838e+00	8.008e+00	5.644e+00	7.208e+00	4.133e+00	6.086e+00
4	10	7.725e+00	9.755e+00	7.539e+00	9.606e+00	7.398e+00	8.838e+00	5.429e+00	7.853e+00	5.140e+00	7.612e+00	4.419e+00	6.065e+00
4	11	9.156e+00	1.073e+01	6.883e+00	8.633e+00	6.580e+00	8.454e+00	6.580e+00	8.454e+00	4.940e+00	7.370e+00	4.239e+00	6.350e+00
4	12	8.727e+00	1.008e+01	8.500e+00	9.902e+00	6.682e+00	8.832e+00	6.528e+00	8.460e+00	5.328e+00	7.365e+00	4.294e+00	6.464e+00
4	13	7.800e+00	9.703e+00	7.322e+00	9.217e+00	6.866e+00	8.777e+00	6.452e+00	8.396e+00	5.482e+00	6.867e+00	4.188e+00	5.756e+00
4	14	8.034e+00	9.595e+00	7.212e+00	9.148e+00	6.392e+00	8.845e+00	6.392e+00	8.845e+00	5.512e+00	6.959e+00	4.218e+00	5.706e+00
4	15	8.400e+00	1.006e+01	7.895e+00	9.640e+00	6.812e+00	8.834e+00	5.941e+00	7.439e+00	5.456e+00	6.959e+00	4.755e+00	5.718e+00
4	16	7.480e+00	9.351e+00	7.480e+00	9.351e+00	6.931e+00	8.465e+00	6.555e+00	8.115e+00	5.144e+00	6.806e+00	4.552e+00	5.136e+00
4	17	8.539e+00	1.047e+01	7.931e+00	9.875e+00	7.906e+00	9.789e+00	6.830e+00	8.352e+00	4.442e+00	6.089e+00	4.046e+00	5.731e+00
4	18	8.543e+00	1.030e+01	7.742e+00	9.193e+00	7.666e+00	9.050e+00	6.036e+00	7.916e+00	5.667e+00	7.639e+00	4.323e+00	6.074e+00
4	19	7.861e+00	9.721e+00	7.231e+00	9.196e+00	7.231e+00	9.196e+00	6.980e+00	7.994e+00	5.584e+00	7.225e+00	3.602e+00	5.734e+00
4	20	8.466e+00	1.003e+01	8.026e+00	9.920e+00	6.922e+00	8.519e+00	6.101e+00	7.368e+00	6.101e+00	7.368e+00	4.149e+00	5.762e+00
5	0	8.415e+00	1.017e+01	7.872e+00	9.615e+00	6.676e+00	8.610e+00	5.817e+00	8.066e+00	5.665e+00	7.587e+00	4.513e+00	5.649e+00
5	1	8.364e+00	9.716e+00	7.639e+00	9.344e+00	6.607e+00	8.599e+00	6.140e+00	8.000e+00	5.059e+00	6.751e+00	3.745e+00	5.772e+00
5	2	8.074e+00	9.458e+00	7.218e+00	8.266e+00	5.780e+00	7.433e+00	5.780e+00	7.433e+00	5.674e+00	6.992e+00	4.656e+00	5.873e+00
5	3	8.094e+00	9.882e+00	5.589e+00	7.889e+00	4.898e+00	7.502e+00	4.898e+00	7.502e+00	4.789e+00	7.500e+00	3.593e+00	6.011e+00
5	4	8.455e+00	9.687e+00	6.801e+00	8.518e+00	6.520e+00	7.860e+00	5.809e+00	7.699e+00	4.889e+00	6.493e+00	4.158e+00	5.644e+00
5	5	8.260e+00	1.010e+01	8.050e+00	9.501e+00	7.877e+00	9.433e+00	6.365e+00	7.903e+00	5.292e+00	7.141e+00	4.221e+00	5.881e+00
5	6	8.283e+00	9.807e+00	7.567e+00	9.075e+00	6.959e+00	8.175e+00	6.959e+00	8.175e+00	5.178e+00	6.969e+00	4.511e+00	5.629e+00
5	7	8.529e+00	1.075e+01	6.932e+00	8.778e+00	6.717e+00	8.274e+00	5.773e+00	7.553e+00	5.411e+00	6.996e+00	4.817e+00	4.869e+00
5	8	7.594e+00	8.906e+00	7.594e+00	8.906e+00	7.055e+00	8.314e+00	6.357e+00	7.727e+00	5.892e+00	6.861e+00	4.743e+00	6.310e+00
5	9	8.166e+00	1.054e+01	7.112e+00	8.769e+00	6.815e+00	8.354e+00	6.175e+00	7.721e+00	5.321e+00	6.779e+00	4.404e+00	6.038e+00
5	10	8.398e+00	9.469e+00	7.706e+00	8.699e+00	7.669e+00	8.677e+00	6.136e+00	8.005e+00	5.362e+00	7.231e+00	4.410e+00	6.071e+00
5	11	8.403e+00	1.016e+01	7.806e+00	9.462e+00	6.943e+00	9.441e+00	6.325e+00	8.463e+00	5.253e+00	7.304e+00	4.291e+00	5.606e+00
5	12	8.548e+00	1.000e+01	8.285e+00	9.638e+00	5.912e+00	7.876e+00	5.912e+00	7.876e+00	5.356e+00	7.338e+00	4.684e+00	5.494e+00
5	13	8.660e+00	9.830e+00	8.660e+00	9.830e+00	6.768e+00	8.106e+00	6.162e+00	7.562e+00	5.174e+00	6.678e+00	4.369e+00	5.508e+00
5	14	8.706e+00	1.078e+01	7.616e+00	9.120e+00	7.262e+00	8.862e+00	6.368e+00	8.016e+00	5.424e+00	7.137e+00	4.905e+00	6.032e+00
5	15	7.823e+00	1.022e+01	7.524e+00	9.508e+00	6.412e+00	8.398e+00	6.412e+00	8.398e+00	5.195e+00	6.211e+00	4.791e+00	5.493e+00
5	16	8.213e+00	9.473e+00	7.588e+00	9.350e+00	6.429e+00	8.316e+00	6.429e+00	8.316e+00	4.890e+00	6.791e+00	4.080e+00	5.676e+00
5	17	8.066e+00	9.958e+00	6.883e+00	8.994e+00	6.883e+00	8.994e+00	6.740e+00	8.561e+00	4.808e+00	6.519e+00	4.078e+00	5.290e+00
5	18	8.916e+00	1.020e+01	8.002e+00	9.363e+00	7.907e+00	9.115e+00	5.918e+00	8.119e+00	4.991e+00	6.785e+00	3.561e+00	5.514e+00
5	19	7.655e+00	9.492e+00	7.549e+00	9.230e+00	6.096e+00	8.249e+00	6.096e+00	8.249e+00	5.457e+00	7.501e+00	3.941e+00	5.495e+00
5	20	7.498e+00	9.920e+00	6.693e+00	8.741e+00	6.693e+00	8.741e+00	6.646e+00	8.642e+00	5.754e+00	7.725e+00	3.716e+00	6.416e+00
6	0	8.803e+00	9.794e+00	7.672e+00	9.126e+00	7.030e+00	8.716e+00	5.441e+00	7.568e+00	5.441e+00	7.568e+00	4.132e+00	6.240e+00
6	1	8.197e+00	9.946e+00	7.055e+00	8.684e+00	6.296e+00	7.651e+00	6.296e+00	7.651e+00	5.890e+00	7.116e+00	4.229e+00	5.965e+00
6	2	8.762e+00	1.069e+01	7.652e+00	9.327e+00	6.146e+00	7.991e+00	6.023e+00	7.692e+00	5.336e+00	6.593e+00	4.998e+00	5.412e+00
6	3	7.908e+00	9.842e+00	6.355e+00	7.947e+00	5.593e+00	7.245e+00	5.593e+00	7.245e+00	5.512e+00	6.289e+00	4.735e+00	5.602e+00
6	4	7.631e+00	9.575e+00	6.993e+00	8.609e+00	5.852e+00	7.730e+00	5.852e+00	7.730e+00	5.798e+00	7.656e+00	4.187e+00	5.959e+00
6	5	8.966e+00	1.022e+01	8.739e+00	9.752e+00	6.373e+00	7.844e+00	6.373e+00	7.844e+00	6.138e+00	7.521e+00	4.726e+00	5.018e+00
6	6	8.456e+00	9.835e+00	7.785e+00	9.174e+00	6.100e+00	7.670e+00	5.515e+00	7.371e+00	5.119e+00	6.226e+00	4.176e+00	5.119e+00
6	7	8.643e+00	9.959e+00	7.985e+00	9.155e+00	7.070e+00	8.289e+00	6.747e+00	8.043e+00	5.266e+00	6.425e+00	4.024e+00	5.292e+00
6	8	7.242e+00	9.744e+00	6.816e+00	8.824e+00	6.386e+00	7.667e+00	6.208e+00	7.264e+00	6.208e+00	7.264e+00	5.096e+00	5.451e+00
6	9	8.998e+00	1.063e+01	8.282e+00	9.089e+00	8.091e+00	8.598e+00	6.678e+00	7.555e+00	5.097e+00	6.774e+00	3.786e+00	5.610e+00
6	10	8.331e+00	1.069e+01	7.483e+00	9.940e+00	6.646e+00	8.608e+00	6.015e+00	8.178e+00	5.044e+00	6.974e+00	4.843e+00	5.719e+00
6	11	8.730e+00	1.061e+01	7.817e+00	9.518e+00	7.683e+00	9.259e+00	6.352e+00	7.719e+00	4.974e+00	7.036e+00	4.440e+00	5.096e+00
6	12	9.320e+00	1.078e+01	8.679e+00	9.981e+00	8.192e+00	9.203e+00	7.060e+00	8.142e+00	4.894e+00	7.138e+00	3.952e+00	5.240e+00
6	13	7.883e+00	9.297e+00	7.883e+00	9.297e+00	6.680e+00	8.104e+00	5.748e+00	8.060e+00	5.135e+00	7.478e+00	4.281e+00	5.723e+00
6	14	8.370e+00	9.751e+00	8.370e+00	9.751e+00	6.845e+00	8.619e+00	6.702e+00	8.353e+00	5.621e+00	7.289e+00	4.662e+00	5.719e+00
6	15	7.463e+00	9.456e+00	7.463e+00	9.456e+00	7.108e+00	9.145e+00	7.043e+00	9.084e+00	5.185e+00	6.876e+00	4.226e+00	5.349e+00
6	16	7.674e+00	9.340e+00	7.501e+00	9.102e+00	7.287e+00	9.027e+00	6.876e+00	8.301e+00	5.976e+00	7.420e+00	3.942e+00	5.466e+00
6	17	8.469e+00	9.946e+00	7.989e+00	9.451e+00	6.926e+00	8.325e+00	6.669e+00	7.833e+00	4.629e+00	6.327e+00	3.575e+00	5.706e+00
6	18	8.745e+00	1.058e+01	7.422e+00	9.311e+00	6.223e+00	8.462e+00	5.637e+00	7.051e+00	5.555e+00	6.894e+00	4.220e+00	5.710e+00
6	19	8.224e+00	1.024e+01	8.013e+00	1.016e+01	6.136e+00	8.236e+00	6.032e+00	8.132e+00	4.652e+00	6.998e+00	3.719e+00	5.789e+00
6	20	6.850e+00	8.783e+00	6.850e+00	8.783e+00	6.455e+00	8.106e+00	6.455e+00	8.106e+00	5.243e+00	7.605e+00	3.983e+00	6.264e+00
7	0	8.317e+00	9.803e+00	8.016e+00	9.022e+00	7.518e+00	8.840e+00	6.817e+00	7.707e+00	5.479e+00	6.361e+00	4.362e+00	5.647e+00
7	1	7.370e+00	8.919e+00	7.370e+00	8.919e+00	7.084e+00	8.736e+00	6.724e+00	8.490e+00	5.966e+00	7.376e+00	4.766e+00	5.515e+00
7	2	8.038e+00	9.913e+00	7.755e+00	9.685e+00	6.975e+00	8.399e+00	6.681e+00	7.407e+00	5.841e+00	6.935e+00	4.058e+00	6.235e+00
7	3	8.399e+00	9.304e+00	8.399e+00	9.304e+00	6.704e+00	8.436e+00	5.916e+00	7.454e+00	5.055e+00	6.780e+00	4.006e+00	5.882e+00
7	4	7.928e+00	1.026e+01	7.662e+00	9.680e+00	7.004e+00	8.746e+00	6.206e+00	8.378e+00	5.731e+00	7.366e+00	4.466e+00	5.710e+00
7	5	7.962e+00	1.000e+01	7.643e+00	9.592e+00	7.295e+00	9.289e+00	7.075e+00	8.196e+00	5.750e+00	7.240e+00	4.445e+00	5.004e+00
7	6	8.746e+00	1.070e+01	7.602e+00	9.454e+00	7.434e+00	9.361e+00	6.633e+00	8.381e+00	5.954e+00	7.183e+00	4.435e+00	5.287e+00
7	7	7.704e+00	9.418e+00	6.533e+00	8.784e+00	6.269e+00	8.110e+00	6.182e+00	7.168e+00	5.815e+00	6.957e+00	4.147e+00	6.436e+00
7	8	7.731e+00	9.904e+00	7.489e+00	9.350e+00	7.320e+00	8.367e+00	6.924e+00	7.949e+00	5.674e+00	6.237e+00	4.527e+00	5.475e+00
7	9	7.612e+00	9.273e+00	7.259e+00	8.789e+00	7.259e+00	8.789e+00	7.259e+00	8.789e+00	5.740e+00	6.716e+00	3.915e+00	5.152e+00
7	10	7.853e+00	9.887e+00	7.778e+00	9.674e+00	7.158e+00	9.098e+00	6.123e+00	7.600e+00	5.775e+00	6.921e+00	4.546e+00	5.161e+00
7	11	8.592e+00	1.012e+01	8.316e+00	9.818e+00	7.117e+00	8.695e+00	7.117e+00	8.695e+00	4.950e+00	7.642e+00	3.529e+00	5.504e+00
7	12	9.117e+00	1.107e+01	7.532e+00	9.535e+00	6.794e+00	7.679e+00	6.794e+00	7.679e+00	4.990e+00	7.057e+00	4.359e+00	6.050e+00
7	13	8.576e+00	1.003e+01	8.576e+00	1.003e+01	7.008e+00	8.080e+00	7.008e+00	8.080e+00	5.314e+00	7.249e+00	3.890e+00	6.473e+00
7	14	8.623e+00	1.025e+01	7.810e+00	9.583e+00	6.761e+00	8.575e+00	5.960e+00	8.133e+00	5.697e+00	7.818e+00	4.427e+00	6.163e+00
7	15	8.523e+00	1.015e+01	7.693e+00	9.193e+00	7.637e+00	8.972e+00	6.635e+00	8.140e+00	5.073e+00	7.282e+00	3.809e+00	5.863e+00
7	16	9.384e+00	1.114e+01	7.891e+00	9.625e+00	6.793e+00	8.512e+00	6.774e+00	8.127e+00	5.199e+00	6.755e+00	4.178e+00	5.234e+00
7	17	8.302e+00	1.028e+01	7.897e+00	9.648e+00	7.005e+00	8.646e+00	6.804e+00	8.345e+00	5.421e+00	7.355e+00	4.327e+00	5.920e+00
7	18	8.503e+00	1.019e+01	8.503e+00	1.019e+01	6.738e+00	8.417e+00	5.688e+00	7.468e+00	5.199e+00	6.461e+00	4.284e+00	5.924e+00
7	19	7.967e+00	9.217e+00	7.897e+00	8.952e+00	7.534e+00	8.500e+00	7.244e+00	8.055e+00	5.636e+00	7.097e+00	4.134e+00	6.190e+00
7	20	8.686e+00	1.059e+01	8.339e+00	9.711e+00	6.410e+00	8.456e+00	6.410e+00	8.456e+00	5.641e+00	7.837e+00	4.422e+00	6.321e+00
8	0	8.783e+00	1.096e+01	7.411e+00	9.320e+00	6.837e+00	8.615e+00	6.258e+00	7.727e+00	5.991e+00	7.393e+00	4.040e+00	5.613e+00
8	1	7.930e+00	9.799e+00	6.918e+00	8.952e+00	6.827e+00	8.425e+00	6.827e+00	8.425e+00	6.137e+00	6.936e+00	4.715e+00	5.799e+00
8	2	7.742e+00	9.642e+00	7.153e+00	9.144e+00	6.689e+00	8.660e+00	6.354e+00	7.879e+00	5.638e+00	7.090e+00	4.475e+00	5.929e+00
8	3	8.324e+00	9.985e+00	7.702e+00	9.214e+00	7.427e+00	9.180e+00	6.585e+00	7.397e+00	5.526e+00	6.326e+00	5.309e+00	5.919e+00
8	4	7.603e+00	9.523e+00	7.166e+00	9.020e+00	6.707e+00	8.339e+00	6.689e+00	8.308e+00	5.025e+00	6.797e+00	4.490e+00	5.948e+00
8	5	8.227e+00	9.501e+00	7.464e+00	8.853e+00	6.512e+00	8.099e+00	6.512e+00	8.099e+00	5.408e+00	6.876e+00	4.391e+00	5.684e+00
8	6	8.583e+00	1.050e+01	7.531e+00	9.525e+00	7.351e+00	9.395e+00	6.343e+00	7.691e+00	5.406e+00	6.761e+00	4.006e+00	5.090e+00
8	7	7.198e+00	9.072e+00	7.198e+00	9.072e+00	6.803e+00	8.593e+00	5.906e+00	7.338e+00	5.796e+00	7.279e+00	4.025e+00	4.980e+00
8	8	8.333e+00	1.014e+01	7.634e+00	9.378e+00	7.549e+00	8.317e+00	6.799e+00	7.439e+00	5.173e+00	6.382e+00	5.148e+00	5.805e+00
8	9	7.904e+00	9.126e+00	7.485e+00	8.507e+00	7.442e+00	8.489e+00	6.306e+00	7.288e+00	5.296e+00	6.498e+00	4.587e+00	5.735e+00
8	10	8.391e+00	1.011e+01	7.619e+00	9.176e+00	6.738e+00	8.727e+00	6.646e+00	8.436e+00	4.960e+00	7.630e+00	3.699e+00	5.102e+00
8	11	8.301e+00	9.752e+00	7.332e+00	8.840e+00	6.479e+00	8.606e+00	6.479e+00	8.606e+00	5.464e+00	7.305e+00	4.415e+00	5.828e+00
8	12	8.964e+00	1.002e+01	8.892e+00	9.678e+00	7.028e+00	8.593e+00	5.823e+00	7.727e+00	5.513e+00	6.458e+00	4.501e+00	6.109e+00
8	13	8.128e+00	9.916e+00	7.675e+00	9.779e+00	7.470e+00	9.744e+00	5.335e+00	8.093e+00	5.092e+00	7.782e+00	4.484e+00	7.200e+00
8	14	8.675e+00	1.025e+01	7.602e+00	9.575e+00	6.334e+00	8.396e+00	6.061e+00	7.985e+00	5.330e+00	7.415e+00	4.012e+00	6.621e+00
8	15	8.173e+00	9.969e+00	7.522e+00	9.041e+00	6.760e+00	8.658e+00	6.760e+00	8.658e+00	5.054e+00	7.070e+00	3.950e+00	6.704e+00
8	16	8.688e+00	1.036e+01	8.509e+00	1.035e+01	7.353e+00	9.348e+00	7.145e+00	7.874e+00	5.724e+00	7.135e+00	4.650e+00	5.634e+00
8	17	7.953e+00	9.704e+00	7.450e+00	9.374e+00	6.904e+00	8.410e+00	6.791e+00	7.831e+00	5.537e+00	7.055e+00	3.891e+00	5.698e+00
8	18	8.159e+00	9.588e+00	8.159e+00	9.588e+00	7.119e+00	8.583e+00	7.015e+00	8.492e+00	5.539e+00	6.830e+00	4.150e+00	5.816e+00
8	19	7.981e+00	9.387e+00	7.887e+00	9.034e+00	7.809e+00	8.917e+00	6.685e+00	8.009e+00	6.004e+00	7.472e+00	3.963e+00	5.419e+00
8	20	8.191e+00	9.696e+00	8.173e+00	9.590e+00	6.848e+00	8.211e+00	6.848e+00	8.211e+00	6.081e+00	7.302e+00	4.113e+00	5.856e+00
9	0	8.274e+00	9.914e+00	6.999e+00	8.870e+00	6.658e+00	8.182e+00	6.658e+00	8.182e+00	5.817e+00	7.264e+00	4.798e+00	5.707e+00
9	1	7.948e+00	9.901e+00	7.374e+00	8.789e+00	7.374e+00	8.789e+00	6.486e+00	8.186e+00	5.805e+00	7.182e+00	4.246e+00	6.412e+00
9	2	7.813e+00	8.541e+00	7.813e+00	8.541e+00	7.664e+00	8.319e+00	6.687e+00	7.374e+00	5.948e+00	6.862e+00	4.981e+00	6.081e+00
9	3	7.559e+00	8.867e+00	7.559e+00	8.867e+00	6.783e+00	8.237e+00	6.783e+00	8.237e+00	5.345e+00	6.535e+00	3.957e+00	5.624e+00
9	4	8.678e+00	9.900e+00	8.130e+00	9.597e+00	7.023e+00	8.339e+00	6.841e+00	8.106e+00	5.350e+00	6.622e+00	3.817e+00	5.918e+00
9	5	8.119e+00	1.005e+01	7.535e+00	9.690e+00	7.535e+00	9.690e+00	6.195e+00	8.255e+00	4.682e+00	7.110e+00	4.161e+00	6.107e+00
9	6	7.833e+00	9.923e+00	7.288e+00	9.268e+00	6.378e+00	8.610e+00	6.199e+00	7.675e+00	5.055e+00	6.318e+00	4.202e+00	5.763e+00
9	7	8.188e+00	1.037e+01	7.668e+00	9.097e+00	6.972e+00	8.762e+00	6.510e+00	7.704e+00	5.135e+00	7.254e+00	4.502e+00	5.885e+00
9	8	8.299e+00	9.243e+00	8.002e+00	8.847e+00	7.392e+00	8.261e+00	6.679e+00	7.704e+00	5.650e+00	7.382e+00	4.283e+00	5.829e+00
9	9	8.784e+00	9.994e+00	8.551e+00	9.454e+00	6.542e+00	7.704e+00	6.542e+00	7.704e+00	5.377e+00	6.688e+00	4.101e+00	5.905e+00
9	10	7.637e+00	9.436e+00	7.127e+00	9.050e+00	7.127e+00	9.050e+00	6.836e+00	8.669e+00	5.239e+00	6.955e+00	4.088e+00	5.811e+00
9	11	8.873e+00	1.082e+01	7.053e+00	8.826e+00	6.316e+00	8.211e+00	5.591e+00	7.964e+00	5.358e+00	7.329e+00	3.971e+00	5.188e+00
9	12	7.072e+00	9.817e+00	6.817e+00	9.155e+00	6.156e+00	8.503e+00	5.914e+00	8.095e+00	5.068e+00	7.804e+00	4.168e+00	6.292e+00
9	13	8.056e+00	1.033e+01	7.605e+00	9.476e+00	6.720e+00	8.911e+00	6.398e+00	8.760e+00	5.249e+00	7.898e+00	4.453e+00	6.214e+00
9	14	8.204e+00	9.904e+00	7.104e+00	8.917e+00	6.733e+00	8.560e+00	6.733e+00	8.560e+00	5.178e+00	7.384e+00	4.394e+00	6.714e+00
9	15	7.026e+00	9.055e+00	7.026e+00	9.055e+00	7.026e+00	9.055e+00	6.413e+00	8.654e+00	5.670e+00	8.299e+00	4.118e+00	6.060e+00
9	16	8.346e+00	9.471e+00	7.104e+00	8.781e+00	6.521e+00	8.000e+00	6.521e+00	8.000e+00	6.521e+00	8.000e+00	4.255e+00	6.433e+00
9	17	7.429e+00	9.509e+00	7.345e+00	8.939e+00	7.345e+00	8.939e+00	6.094e+00	7.856e+00	5.249e+00	7.636e+00	4.345e+00	5.430e+00
9	18	8.534e+00	1.030e+01	8.488e+00	1.030e+01	7.809e+00	9.530e+00	7.436e+00	8.832e+00	5.157e+00	7.184e+00	3.836e+00	6.500e+00
9	19	8.713e+00	9.935e+00	8.713e+00	9.935e+00	7.539e+00	9.022e+00	5.987e+00	8.002e+00	5.031e+00	7.155e+00	4.236e+00	6.167e+00
9	20	7.555e+00	9.753e+00	7.233e+00	8.883e+00	6.706e+00	8.531e+00	5.422e+00	7.741e+00	5.422e+00	7.741e+00	4.053e+00	6.009e+00
10	0	8.159e+00	1.015e+01	7.374e+00	8.999e+00	6.010e+00	7.804e+00	6.010e+00	7.804e+00	5.911e+00	7.706e+00	4.118e+00	6.285e+00
10	1	8.676e+00	1.010e+01	8.659e+00	9.844e+00	7.049e+00	8.764e+00	7.049e+00	8.764e+00	5.766e+00	7.664e+00	4.639e+00	6.576e+00
10	2	7.909e+00	9.180e+00	7.909e+00	9.180e+00	6.893e+00	8.233e+00	6.893e+00	8.233e+00	5.862e+00	6.991e+00	4.506e+00	6.243e+00
10	3	7.883e+00	1.008e+01	7.443e+00	9.068e+00	6.512e+00	8.576e+00	6.129e+00	8.204e+00	5.285e+00	6.803e+00	4.775e+00	6.133e+00
10	4	8.223e+00	1.000e+01	7.942e+00	9.846e+00	7.833e+00	9.189e+00	6.606e+00	8.346e+00	4.924e+00	6.891e+00	4.083e+00	5.130e+00
10	5	8.281e+00	9.919e+00	7.711e+00	9.421e+00	7.711e+00	9.421e+00	7.113e+00	9.340e+00	4.728e+00	6.672e+00	3.683e+00	5.638e+00
10	6	7.844e+00	9.783e+00	7.844e+00	9.783e+00	6.865e+00	9.228e+00	6.263e+00	8.490e+00	5.772e+00	7.272e+00	4.087e+00	5.687e+00
10	7	8.303e+00	9.556e+00	8.083e+00	9.467e+00	7.094e+00	8.433e+00	6.608e+00	8.239e+00	5.488e+00	7.310e+00	4.748e+00	6.575e+00
10	8	8.645e+00	1.065e+01	7.338e+00	9.211e+00	6.676e+00	8.815e+00	6.056e+00	7.303e+00	5.486e+00	6.269e+00	4.547e+00	5.562e+00
10	9	7.885e+00	9.718e+00	7.720e+00	9.269e+00	6.000e+00	7.702e+00	6.000e+00	7.702e+00	4.939e+00	6.664e+00	4.121e+00	5.828e+00
10	10	8.902e+00	1.033e+01	7.209e+00	8.826e+00	6.614e+00	7.445e+00	6.164e+00	6.761e+00	5.938e+00	6.756e+00	4.201e+00	5.558e+00
10	11	8.499e+00	9.706e+00	7.444e+00	8.487e+00	6.601e+00	7.816e+00	6.601e+00	7.816e+00	6.498e+00	7.701e+00	4.310e+00	6.146e+00
10	12	7.844e+00	8.970e+00	7.072e+00	8.860e+00	6.527e+00	8.425e+00	5.755e+00	8.121e+00	5.498e+00	6.788e+00	4.591e+00	5.847e+00
10	13	8.008e+00	9.924e+00	8.008e+00	9.924e+00	6.642e+00	8.249e+00	6.314e+00	8.165e+00	5.070e+00	7.219e+00	4.704e+00	5.982e+00
10	14	8.393e+00	1.006e+01	8.100e+00	9.836e+00	6.805e+00	8.810e+00	5.175e+00	7.517e+00	5.175e+00	7.517e+00	5.064e+00	6.768e+00
10	15	8.465e+00	1.005e+01	8.413e+00	1.001e+01	6.942e+00	8.827e+00	6.546e+00	8.735e+00	4.798e+00	7.134e+00	4.563e+00	7.028e+00
10	16	8.676e+00	1.055e+01	8.036e+00	9.436e+00	7.665e+00	9.000e+00	6.922e+00	7.902e+00	6.791e+00	7.461e+00	4.543e+00	5.785e+00
10	17	8.691e+00	1.047e+01	8.436e+00	1.019e+01	6.514e+00	8.612e+00	6.135e+00	8.396e+00	5.389e+00	7.174e+00	4.381e+00	5.552e+00
10	18	8.233e+00	9.101e+00	7.951e+00	8.792e+00	7.947e+00	8.745e+00	6.448e+00	7.639e+00	5.994e+00	6.547e+00	4.560e+00	6.008e+00
10	19	7.297e+00	9.046e+00	6.703e+00	8.116e+00	6.250e+00	7.786e+00	6.060e+00	7.372e+00	5.519e+00	7.071e+00	4.705e+00	5.750e+00
10	20	8.460e+00	1.010e+01	8.437e+00	9.852e+00	7.366e+00	8.916e+00	5.828e+00	7.692e+00	5.380e+00	6.771e+00	4.379e+00	6.228e+00
11	0	9.008e+00	1.085e+01	8.133e+00	9.703e+00	7.561e+00	8.925e+00	6.202e+00	7.601e+00	6.202e+00	7.601e+00	4.406e+00	5.936e+00
11	1	7.641e+00	9.515e+00	6.891e+00	8.330e+00	6.497e+00	8.020e+00	6.224e+00	7.814e+00	5.502e+00	6.900e+00	4.385e+00	5.743e+00
11	2	7.461e+00	9.845e+00	7.174e+00	9.351e+00	6.451e+00	8.465e+00	6.451e+00	8.465e+00	5.368e+00	6.909e+00	4.945e+00	6.252e+00
11	3	8.269e+00	1.019e+01	7.144e+00	9.122e+00	6.667e+00	8.702e+00	6.667e+00	8.702e+00	5.600e+00	6.875e+00	5.128e+00	5.816e+00
11	4	8.623e+00	9.825e+00	7.669e+00	9.760e+00	6.550e+00	8.442e+00	6.550e+00	8.442e+00	6.077e+00	8.201e+00	4.079e+00	5.240e+00
11	5	8.779e+00	1.040e+01	8.443e+00	9.530e+00	7.847e+00	8.805e+00	6.611e+00	7.618e+00	5.473e+00	7.292e+00	4.544e+00	6.503e+00
11	6	7.518e+00	9.228e+00	7.402e+00	9.084e+00	6.722e+00	8.787e+00	6.066e+00	8.349e+00	5.521e+00	7.856e+00	4.037e+00	5.238e+00
11	7	7.914e+00	9.822e+00	6.989e+00	9.092e+00	6.356e+00	8.212e+00	6.292e+00	8.156e+00	5.665e+00	7.091e+00	4.187e+00	4.636e+00
11	8	7.958e+00	9.884e+00	7.165e+00	9.027e+00	6.691e+00	8.185e+00	6.021e+00	7.647e+00	5.230e+00	7.137e+00	4.058e+00	5.500e+00
11	9	7.814e+00	9.078e+00	6.609e+00	8.070e+00	6.524e+00	7.933e+00	5.797e+00	7.140e+00	4.715e+00	5.866e+00	3.990e+00	5.620e+00
11	10	8.239e+00	9.978e+00	6.437e+00	8.377e+00	6.101e+00	8.263e+00	5.988e+00	7.665e+00	5.407e+00	7.167e+00	4.340e+00	5.480e+00
11	11	8.435e+00	1.039e+01	7.139e+00	9.155e+00	6.060e+00	7.047e+00	6.060e+00	7.047e+00	5.821e+00	6.973e+00	3.978e+00	5.846e+00
11	12	8.686e+00	1.070e+01	7.868e+00	9.657e+00	7.141e+00	8.486e+00	6.472e+00	8.072e+00	5.782e+00	6.703e+00	5.258e+00	6.378e+00
11	13	8.436e+00	1.002e+01	7.236e+00	8.985e+00	7.064e+00	8.594e+00	6.859e+00	8.196e+00	5.649e+00	7.389e+00	4.449e+00	6.605e+00
11	14	7.936e+00	1.019e+01	7.918e+00	9.859e+00	6.809e+00	8.865e+00	5.596e+00	7.571e+00	5.254e+00	7.004e+00	4.902e+00	6.692e+00
11	15	8.426e+00	1.005e+01	8.092e+00	9.435e+00	7.302e+00	8.641e+00	6.919e+00	8.307e+00	5.497e+00	7.573e+00	4.930e+00	5.913e+00
11	16	8.154e+00	9.778e+00	7.402e+00	8.888e+00	6.936e+00	8.478e+00	6.488e+00	7.742e+00	5.903e+00	6.772e+00	4.838e+00	6.335e+00
11	17	8.066e+00	8.928e+00	8.066e+00	8.928e+00	7.903e+00	8.482e+00	6.887e+00	7.991e+00	6.205e+00	6.517e+00	5.517e+00	5.789e+00
11	18	8.531e+00	1.019e+01	7.862e+00	8.820e+00	6.891e+00	8.034e+00	6.891e+00	8.034e+00	5.396e+00	7.763e+00	3.812e+00	6.628e+00
11	19	8.224e+00	9.625e+00	7.295e+00	8.542e+00	6.278e+00	7.706e+00	6.278e+00	7.706e+00	5.755e+00	7.076e+00	4.714e+00	5.921e+00
11	20	8.400e+00	1.012e+01	7.486e+00	9.059e+00	6.347e+00	7.550e+00	5.329e+00	7.199e+00	5.329e+00	7.199e+00	4.783e+00	6.597e+00
12	0	8.083e+00	9.491e+00	7.544e+00	9.077e+00	7.544e+00	9.077e+00	6.720e+00	8.810e+00	5.381e+00	7.179e+00	5.253e+00	6.082e+00
12	1	8.377e+00	1.000e+01	6.750e+00	8.248e+00	6.750e+00	8.248e+00	6.602e+00	7.679e+00	5.494e+00	7.356e+00	4.476e+00	5.659e+00
12	2	7.147e+00	9.367e+00	7.022e+00	9.069e+00	6.397e+00	8.583e+00	6.397e+00	8.583e+00	5.721e+00	6.984e+00	5.347e+00	6.327e+00
12	3	7.215e+00	8.682e+00	7.215e+00	8.682e+00	6.882e+00	8.114e+00	5.965e+00	7.554e+00	5.603e+00	7.050e+00	4.517e+00	6.039e+00
12	4	7.622e+00	9.294e+00	7.133e+00	9.034e+00	6.774e+00	8.737e+00	6.774e+00	8.737e+00	5.288e+00	6.733e+00	3.888e+00	5.823e+00
12	5	8.959e+00	1.072e+01	8.149e+00	1.005e+01	7.227e+00	9.018e+00	6.044e+00	7.551e+00	5.854e+00	7.296e+00	4.546e+00	5.541e+00
12	6	7.888e+00	9.606e+00	7.168e+00	9.256e+00	6.564e+00	8.496e+00	6.051e+00	7.913e+00	5.815e+00	6.588e+00	4.253e+00	5.217e+00
12	7	8.151e+00	1.006e+01	7.185e+00	9.259e+00	5.788e+00	8.613e+00	5.584e+00	8.129e+00	5.240e+00	7.044e+00	4.425e+00	5.713e+00
12	8	7.502e+00	9.835e+00	6.528e+00	9.426e+00	6.001e+00	8.439e+00	5.637e+00	8.030e+00	5.378e+00	7.116e+00	4.139e+00	5.858e+00
12	9	7.690e+00	9.250e+00	7.349e+00	9.234e+00	7.201e+00	9.147e+00	5.964e+00	7.905e+00	5.432e+00	6.436e+00	3.758e+00	5.155e+00
12	10	8.291e+00	1.052e+01	7.454e+00	9.310e+00	6.488e+00	8.399e+00	5.611e+00	7.708e+00	4.428e+00	5.924e+00	4.428e+00	5.924e+00
12	11	7.915e+00	1.036e+01	7.220e+00	8.679e+00	6.774e+00	8.449e+00	6.069e+00	8.022e+00	4.393e+00	6.822e+00	4.073e+00	6.324e+00
12	12	8.811e+00	1.062e+01	7.499e+00	9.169e+00	6.473e+00	8.383e+00	6.473e+00	8.383e+00	5.704e+00	6.751e+00	3.932e+00	6.051e+00
12	13	7.627e+00	9.363e+00	7.627e+00	9.363e+00	7.519e+00	9.130e+00	7.295e+00	8.321e+00	5.405e+00	6.132e+00	3.463e+00	5.412e+00
12	14	8.595e+00	9.940e+00	7.159e+00	9.282e+00	7.159e+00	9.282e+00	5.840e+00	8.233e+00	5.587e+00	6.980e+00	3.939e+00	5.445e+00
12	15	8.313e+00	9.977e+00	7.474e+00	9.031e+00	6.710e+00	8.452e+00	6.099e+00	7.581e+00	5.228e+00	6.717e+00	4.247e+00	5.780e+00
12	16	8.324e+00	9.737e+00	8.222e+00	9.272e+00	7.312e+00	8.654e+00	6.146e+00	7.691e+00	5.526e+00	6.802e+00	4.540e+00	6.065e+00
12	17	8.701e+00	1.049e+01	8.205e+00	9.780e+00	6.558e+00	8.369e+00	6.113e+00	8.114e+00	5.819e+00	7.565e+00	4.014e+00	5.991e+00
12	18	8.544e+00	9.856e+00	7.847e+00	9.084e+00	7.809e+00	8.925e+00	6.295e+00	7.239e+00	6.032e+00	6.790e+00	5.141e+00	6.017e+00
12	19	7.710e+00	1.001e+01	7.657e+00	9.783e+00	6.866e+00	9.379e+00	6.543e+00	8.301e+00	5.324e+00	7.471e+00	4.204e+00	6.541e+00
12	20	8.960e+00	1.021e+01	8.109e+00	9.080e+00	7.721e+00	8.952e+00	5.758e+00	8.189e+00	5.477e+00	7.284e+00	4.286e+00	6.232e+00
13	0	8.289e+00	1.012e+01	8.289e+00	1.012e+01	7.459e+00	9.015e+00	6.349e+00	8.213e+00	5.502e+00	7.259e+00	4.414e+00	5.576e+00
13	1	8.427e+00	1.031e+01	7.386e+00	9.621e+00	6.280e+00	7.573e+00	6.194e+00	7.312e+00	5.004e+00	6.350e+00	4.985e+00	6.197e+00
13	2	9.080e+00	1.057e+01	7.244e+00	9.071e+00	6.286e+00	7.869e+00	4.793e+00	7.096e+00	4.212e+00	6.619e+00	4.207e+00	6.365e+00
13	3	8.477e+00	1.005e+01	6.922e+00	8.822e+00	6.748e+00	8.362e+00	6.180e+00	8.310e+00	5.159e+00	7.180e+00	3.934e+00	6.103e+00
13	4	7.406e+00	9.387e+00	6.912e+00	8.877e+00	6.802e+00	8.745e+00	6.092e+00	8.429e+00	5.150e+00	6.249e+00	4.919e+00	5.763e+00
13	5	8.825e+00	1.050e+01	6.717e+00	8.486e+00	5.612e+00	7.070e+00	5.572e+00	7.002e+00	4.906e+00	6.370e+00	4.440e+00	6.267e+00
13	6	8.720e+00	1.052e+01	7.193e+00	8.878e+00	6.835e+00	7.966e+00	6.454e+00	7.719e+00	6.092e+00	6.517e+00	4.750e+00	5.666e+00
13	7	7.915e+00	9.871e+00	7.459e+00	9.413e+00	6.622e+00	8.631e+00	5.501e+00	7.821e+00	5.396e+00	6.841e+00	3.817e+00	5.656e+00
13	8	8.590e+00	9.760e+00	7.429e+00	8.681e+00	6.483e+00	7.785e+00	6.483e+00	7.785e+00	5.353e+00	6.917e+00	4.067e+00	4.827e+00
13	9	8.586e+00	9.656e+00	7.488e+00	8.431e+00	7.488e+00	8.431e+00	5.388e+00	6.934e+00	5.010e+00	5.780e+00	4.330e+00	5.217e+00
13	10	7.384e+00	9.272e+00	7.279e+00	8.907e+00	5.804e+00	7.889e+00	5.804e+00	7.889e+00	4.875e+00	6.298e+00	4.644e+00	5.527e+00
13	11	8.076e+00	9.821e+00	7.501e+00	9.082e+00	6.434e+00	8.444e+00	6.434e+00	8.444e+00	5.201e+00	7.163e+00	4.257e+00	5.973e+00
13	12	8.497e+00	9.743e+00	6.959e+00	8.898e+00	6.733e+00	8.264e+00	5.105e+00	7.530e+00	4.567e+00	6.773e+00	3.965e+00	6.320e+00
13	13	8.570e+00	1.030e+01	8.390e+00	9.818e+00	8.291e+00	9.751e+00	6.273e+00	7.708e+00	5.643e+00	7.517e+00	3.797e+00	5.981e+00
13	14	8.766e+00	1.061e+01	7.771e+00	9.217e+00	7.287e+00	8.527e+00	6.952e+00	8.006e+00	5.303e+00	6.351e+00	3.864e+00	5.969e+00
13	15	9.401e+00	1.103e+01	8.801e+00	9.594e+00	6.627e+00	8.166e+00	6.147e+00	7.521e+00	5.832e+00	6.941e+00	3.576e+00	5.095e+00
13	16	7.823e+00	9.560e+00	7.823e+00	9.560e+00	7.056e+00	8.281e+00	6.310e+00	7.967e+00	5.666e+00	6.768e+00	4.020e+00	5.580e+00
13	17	8.679e+00	1.021e+01	8.182e+00	9.877e+00	7.207e+00	8.713e+00	6.569e+00	8.113e+00	5.638e+00	7.239e+00	4.130e+00	6.122e+00
13	18	8.848e+00	1.039e+01	8.508e+00	1.018e+01	7.277e+00	9.294e+00	6.382e+00	8.360e+00	5.444e+00	7.310e+00	4.349e+00	5.926e+00
13	19	8.699e+00	1.040e+01	7.678e+00	9.212e+00	7.678e+00	9.212e+00	7.677e+00	9.200e+00	5.227e+00	6.816e+00	4.764e+00	5.797e+00
13	20	8.091e+00	1.023e+01	7.809e+00	1.011e+01	6.775e+00	8.805e+00	6.775e+00	8.805e+00	5.410e+00	7.456e+00	4.049e+00	5.988e+00
14	0	8.638e+00	1.018e+01	8.011e+00	9.514e+00	7.107e+00	9.090e+00	6.391e+00	8.640e+00	5.083e+00	6.917e+00	3.964e+00	5.622e+00
14	1	8.267e+00	9.860e+00	8.267e+00	9.860e+00	8.267e+00	9.860e+00	6.388e+00	8.263e+00	5.033e+00	6.419e+00	4.040e+00	5.449e+00
14	2	6.913e+00	8.719e+00	6.813e+00	8.420e+00	6.752e+00	8.230e+00	6.047e+00	8.127e+00	5.675e+00	5.489e+00	5.385e+00	5.247e+00
14	3	8.376e+00	1.054e+01	7.410e+00	8.787e+00	5.741e+00	7.034e+00	5.741e+00	7.034e+00	4.643e+00	5.739e+00	4.643e+00	5.739e+00
14	4	7.236e+00	9.295e+00	7.132e+00	9.168e+00	6.234e+00	7.831e+00	6.204e+00	7.435e+00	5.842e+00	6.721e+00	4.126e+00	5.668e+00
14	5	7.758e+00	9.345e+00	6.828e+00	8.667e+00	6.287e+00	7.727e+00	6.287e+00	7.727e+00	4.910e+00	6.059e+00	4.274e+00	5.639e+00
14	6	7.953e+00	9.786e+00	6.963e+00	8.743e+00	6.429e+00	8.459e+00	5.944e+00	7.319e+00	5.242e+00	6.531e+00	4.715e+00	5.572e+00
14	7	7.764e+00	9.607e+00	7.764e+00	9.607e+00	6.989e+00	8.966e+00	6.509e+00	8.443e+00	5.313e+00	7.087e+00	4.594e+00	5.397e+00
14	8	7.788e+00	9.832e+00	7.541e+00	9.692e+00	6.323e+00	8.813e+00	6.203e+00	8.670e+00	4.689e+00	6.378e+00	4.213e+00	5.716e+00
14	9	8.624e+00	9.709e+00	7.315e+00	8.870e+00	7.315e+00	8.870e+00	5.732e+00	7.174e+00	4.727e+00	5.696e+00	4.692e+00	5.265e+00
14	10	8.016e+00	1.012e+01	7.244e+00	8.990e+00	6.452e+00	8.151e+00	5.721e+00	7.397e+00	4.870e+00	6.094e+00	4.704e+00	6.049e+00
14	11	8.909e+00	1.032e+01	7.622e+00	9.211e+00	5.949e+00	7.891e+00	5.404e+00	7.247e+00	4.572e+00	6.700e+00	3.693e+00	5.778e+00
14	12	6.742e+00	8.855e+00	6.742e+00	8.855e+00	5.984e+00	8.210e+00	4.798e+00	6.787e+00	4.798e+00	6.787e+00	4.105e+00	6.181e+00
14	13	8.330e+00	1.000e+01	6.595e+00	8.580e+00	6.275e+00	8.101e+00	5.273e+00	7.379e+00	5.273e+00	7.379e+00	3.842e+00	5.678e+00
14	14	8.367e+00	1.008e+01	6.775e+00	9.027e+00	6.439e+00	7.945e+00	5.758e+00	6.676e+00	5.341e+00	6.391e+00	4.552e+00	5.693e+00
14	15	7.739e+00	9.260e+00	7.739e+00	9.260e+00	6.507e+00	8.172e+00	6.147e+00	7.227e+00	5.514e+00	6.155e+00	4.123e+00	4.987e+00
14	16	7.629e+00	9.465e+00	7.418e+00	9.091e+00	6.950e+00	8.506e+00	6.241e+00	7.236e+00	5.962e+00	6.217e+00	5.082e+00	5.740e+00
14	17	8.378e+00	1.049e+01	7.395e+00	9.170e+00	6.781e+00	8.636e+00	6.780e+00	8.573e+00	5.318e+00	7.094e+00	4.491e+00	6.247e+00
14	18	8.651e+00	9.951e+00	7.645e+00	9.648e+00	7.275e+00	8.451e+00	6.751e+00	8.392e+00	5.355e+00	6.637e+00	4.520e+00	5.193e+00
14	19	8.450e+00	1.008e+01	7.829e+00	9.768e+00	6.688e+00	8.391e+00	6.300e+00	7.796e+00	5.364e+00	6.935e+00	4.526e+00	5.691e+00
14	20	8.072e+00	9.499e+00	7.888e+00	9.231e+00	7.139e+00	8.894e+00	6.695e+00	8.762e+00	5.487e+00	6.973e+00	4.597e+00	5.293e+00
15	0	7.859e+00	9.245e+00	7.254e+00	8.715e+00	7.153e+00	8.552e+00	6.569e+00	8.257e+00	5.586e+00	6.183e+00	4.418e+00	4.955e+00
15	1	7.868e+00	9.944e+00	7.017e+00	9.228e+00	6.295e+00	8.708e+00	6.295e+00	8.708e+00	5.235e+00	7.582e+00	3.875e+00	5.760e+00
15	2	7.528e+00	9.181e+00	6.481e+00	8.067e+00	6.481e+00	8.067e+00	6.043e+00	7.575e+00	4.693e+00	6.726e+00	4.068e+00	6.483e+00
15	3	6.941e+00	8.741e+00	6.941e+00	8.741e+00	6.560e+00	8.242e+00	6.484e+00	8.197e+00	5.375e+00	7.212e+00	4.245e+00	5.797e+00
15	4	8.220e+00	9.188e+00	7.666e+00	8.884e+00	6.953e+00	8.208e+00	6.527e+00	8.047e+00	5.743e+00	7.611e+00	4.693e+00	5.726e+00
15	5	8.377e+00	9.715e+00	7.984e+00	9.456e+00	6.435e+00	7.807e+00	6.303e+00	7.722e+00	5.453e+00	6.624e+00	4.387e+00	6.069e+00
15	6	7.842e+00	9.143e+00	7.766e+00	8.957e+00	7.766e+00	8.957e+00	6.484e+00	8.055e+00	5.787e+00	7.275e+00	4.745e+00	5.483e+00
15	7	7.663e+00	8.818e+00	7.424e+00	8.800e+00	7.154e+00	8.679e+00	6.026e+00	7.971e+00	5.400e+00	6.724e+00	4.463e+00	5.998e+00
15	8	8.978e+00	1.032e+01	8.313e+00	9.763e+00	7.824e+00	9.502e+00	6.970e+00	8.092e+00	5.491e+00	6.847e+00	4.372e+00	5.862e+00
15	9	8.611e+00	1.017e+01	8.423e+00	9.952e+00	6.843e+00	8.767e+00	6.394e+00	8.581e+00	5.426e+00	7.122e+00	4.240e+00	5.116e+00
15	10	8.021e+00	9.655e+00	7.968e+00	9.590e+00	7.745e+00	8.853e+00	5.123e+00	7.303e+00	5.123e+00	7.303e+00	4.079e+00	6.111e+00
15	11	7.744e+00	9.839e+00	6.843e+00	9.143e+00	6.670e+00	8.919e+00	5.722e+00	7.614e+00	5.005e+00	6.737e+00	3.865e+00	5.614e+00
15	12	8.041e+00	9.966e+00	6.745e+00	8.017e+00	6.745e+00	8.017e+00	5.886e+00	7.717e+00	5.023e+00	6.707e+00	3.876e+00	5.863e+00
15	13	6.608e+00	8.092e+00	6.608e+00	8.092e+00	6.608e+00	8.092e+00	5.262e+00	7.066e+00	4.993e+00	7.064e+00	4.037e+00	5.800e+00
15	14	8.668e+00	1.056e+01	8.567e+00	1.005e+01	6.445e+00	8.739e+00	5.949e+00	7.309e+00	5.085e+00	6.809e+00	4.029e+00	5.084e+00
15	15	8.594e+00	1.037e+01	7.896e+00	9.686e+00	5.809e+00	8.226e+00	5.809e+00	8.226e+00	5.167e+00	5.686e+00	5.072e+00	5.459e+00
15	16	8.511e+00	1.030e+01	7.365e+00	9.421e+00	6.270e+00	8.506e+00	6.030e+00	7.278e+00	4.729e+00	6.285e+00	3.598e+00	5.437e+00
15	17	8.080e+00	9.980e+00	7.219e+00	9.093e+00	6.639e+00	8.240e+00	6.639e+00	8.240e+00	5.980e+00	7.170e+00	4.130e+00	6.256e+00
15	18	6.941e+00	9.199e+00	6.941e+00	9.199e+00	6.488e+00	8.739e+00	6.248e+00	7.890e+00	5.466e+00	6.820e+00	4.292e+00	5.057e+00
15	19	7.869e+00	9.091e+00	7.869e+00	9.091e+00	6.964e+00	8.327e+00	6.559e+00	8.143e+00	5.651e+00	7.078e+00	4.701e+00	5.821e+00
15	20	8.222e+00	9.533e+00	8.214e+00	9.379e+00	7.432e+00	8.433e+00	6.568e+00	7.810e+00	6.073e+00	7.502e+00	4.377e+00	5.904e+00
16	0	7.046e+00	8.492e+00	6.590e+00	8.164e+00	6.590e+00	8.164e+00	6.178e+00	7.507e+00	4.867e+00	6.612e+00	4.618e+00	5.113e+00
16	1	7.573e+00	9.080e+00	7.051e+00	8.196e+00	6.699e+00	7.850e+00	5.946e+00	7.211e+00	5.477e+00	6.555e+00	4.890e+00	5.019e+00
16	2	7.940e+00	9.685e+00	7.357e+00	9.110e+00	6.406e+00	7.575e+00	6.406e+00	7.575e+00	4.971e+00	6.816e+00	3.963e+00	5.967e+00
16	3	8.526e+00	9.918e+00	7.590e+00	9.205e+00	6.722e+00	8.049e+00	5.971e+00	7.431e+00	5.498e+00	7.276e+00	4.242e+00	5.505e+00
16	4	8.649e+00	1.024e+01	7.644e+00	9.515e+00	6.727e+00	8.973e+00	6.119e+00	8.047e+00	5.580e+00	6.805e+00	4.364e+00	6.345e+00
16	5	7.954e+00	9.869e+00	7.182e+00	8.772e+00	6.611e+00	7.883e+00	6.135e+00	7.605e+00	5.381e+00	7.512e+00	5.000e+00	6.065e+00
16	6	8.565e+00	1.029e+01	6.827e+00	8.523e+00	6.827e+00	8.523e+00	6.620e+00	8.034e+00	5.391e+00	7.151e+00	4.942e+00	6.145e+00
16	7	7.125e+00	8.440e+00	6.756e+00	7.936e+00	6.756e+00	7.936e+00	6.511e+00	7.391e+00	6.358e+00	7.064e+00	4.717e+00	6.178e+00
16	8	8.447e+00	9.973e+00	7.686e+00	9.039e+00	7.075e+00	9.026e+00	6.153e+00	8.373e+00	5.320e+00	7.115e+00	4.247e+00	5.379e+00
16	9	8.066e+00	9.239e+00	8.066e+00	9.239e+00	7.559e+00	8.794e+00	7.016e+00	8.430e+00	4.905e+00	7.329e+00	3.639e+00	5.845e+00
16	10	7.303e+00	9.110e+00	7.303e+00	9.110e+00	6.696e+00	8.496e+00	6.431e+00	8.208e+00	5.162e+00	6.681e+00	3.800e+00	5.565e+00
16	11	8.793e+00	1.034e+01	8.233e+00	9.614e+00	7.436e+00	8.055e+00	5.785e+00	7.774e+00	4.953e+00	7.045e+00	4.257e+00	5.817e+00
16	12	7.631e+00	9.169e+00	6.154e+00	8.107e+00	5.696e+00	7.561e+00	4.990e+00	7.372e+00	4.806e+00	6.566e+00	4.125e+00	5.885e+00
16	13	8.125e+00	1.005e+01	6.153e+00	8.605e+00	5.874e+00	8.317e+00	5.500e+00	7.231e+00	5.054e+00	6.875e+00	4.498e+00	6.275e+00
16	14	8.129e+00	1.018e+01	7.100e+00	9.134e+00	6.525e+00	8.502e+00	5.439e+00	7.433e+00	5.238e+00	6.714e+00	4.567e+00	5.677e+00
16	15	7.542e+00	9.969e+00	6.738e+00	8.930e+00	6.738e+00	8.930e+00	6.144e+00	8.095e+00	4.841e+00	6.805e+00	4.373e+00	5.929e+00
16	16	8.835e+00	9.697e+00	7.733e+00	9.285e+00	6.221e+00	8.332e+00	6.221e+00	8.332e+00	5.130e+00	6.851e+00	4.219e+00	6.247e+00
16	17	8.713e+00	1.032e+01	8.369e+00	1.020e+01	6.829e+00	8.301e+00	6.620e+00	7.578e+00	5.207e+00	7.081e+00	4.085e+00	6.011e+00
16	18	8.287e+00	9.853e+00	8.073e+00	9.439e+00	6.903e+00	8.358e+00	5.962e+00	7.650e+00	5.693e+00	6.754e+00	4.291e+00	4.991e+00
16	19	8.570e+00	1.024e+01	7.826e+00	9.176e+00	6.967e+00	8.912e+00	5.443e+00	7.563e+00	5.385e+00	7.517e+00	4.379e+00	4.626e+00
16	20	7.464e+00	9.679e+00	6.392e+00	8.286e+00	6.392e+00	8.286e+00	6.392e+00	8.286e+00	5.356e+00	7.604e+00	4.501e+00	5.230e+00
17	0	8.490e+00	9.669e+00	6.440e+00	8.154e+00	6.440e+00	8.154e+00	5.604e+00	7.770e+00	4.604e+00	6.244e+00	3.857e+00	5.404e+00
17	1	8.340e+00	9.595e+00	8.340e+00	9.595e+00	6.700e+00	7.889e+00	6.604e+00	7.617e+00	5.132e+00	6.532e+00	4.125e+00	5.465e+00
17	2	9.318e+00	1.072e+01	7.465e+00	8.728e+00	6.350e+00	7.662e+00	5.726e+00	7.318e+00	4.927e+00	7.117e+00	3.575e+00	5.747e+00
17	3	7.911e+00	9.462e+00	7.531e+00	9.394e+00	6.430e+00	8.302e+00	5.896e+00	7.727e+00	5.567e+00	7.366e+00	4.408e+00	6.170e+00
17	4	8.437e+00	1.014e+01	7.299e+00	9.211e+00	6.380e+00	8.172e+00	6.069e+00	7.690e+00	5.793e+00	7.583e+00	4.633e+00	6.276e+00
17	5	8.584e+00	9.810e+00	8.521e+00	9.750e+00	6.596e+00	9.043e+00	6.472e+00	8.611e+00	6.029e+00	7.223e+00	4.971e+00	6.869e+00
17	6	7.801e+00	9.421e+00	7.095e+00	8.915e+00	7.095e+00	8.915e+00	6.720e+00	8.817e+00	5.584e+00	7.014e+00	5.181e+00	6.570e+00
17	7	8.046e+00	1.012e+01	7.235e+00	9.323e+00	7.235e+00	9.323e+00	6.945e+00	8.970e+00	5.723e+00	7.285e+00	4.675e+00	6.254e+00
17	8	8.094e+00	9.937e+00	7.574e+00	9.085e+00	6.659e+00	8.382e+00	6.522e+00	7.914e+00	5.950e+00	7.314e+00	4.823e+00	5.722e+00
17	9	8.420e+00	1.010e+01	7.984e+00	9.557e+00	7.168e+00	8.448e+00	5.940e+00	7.437e+00	5.088e+00	6.831e+00	4.229e+00	6.381e+00
17	10	8.923e+00	1.085e+01	6.383e+00	8.414e+00	6.228e+00	8.141e+00	6.046e+00	7.997e+00	5.419e+00	7.670e+00	4.060e+00	5.892e+00
17	11	7.446e+00	8.786e+00	7.392e+00	8.602e+00	6.977e+00	8.440e+00	6.567e+00	7.856e+00	5.181e+00	6.860e+00	4.516e+00	5.945e+00
17	12	7.715e+00	9.786e+00	7.098e+00	8.891e+00	6.398e+00	8.581e+00	5.881e+00	8.147e+00	5.558e+00	7.745e+00	4.318e+00	5.820e+00
17	13	7.966e+00	9.170e+00	7.966e+00	9.170e+00	7.601e+00	9.083e+00	7.265e+00	8.512e+00	5.123e+00	7.196e+00	3.896e+00	6.062e+00
17	14	9.042e+00	1.025e+01	8.536e+00	9.777e+00	8.536e+00	9.777e+00	7.500e+00	8.598e+00	5.332e+00	6.917e+00	4.341e+00	5.989e+00
17	15	8.872e+00	1.028e+01	7.450e+00	9.277e+00	6.832e+00	8.878e+00	6.641e+00	8.681e+00	4.761e+00	6.755e+00	4.463e+00	6.638e+00
17	16	7.642e+00	9.587e+00	7.642e+00	9.587e+00	7.642e+00	9.587e+00	5.513e+00	6.886e+00	5.513e+00	6.886e+00	4.241e+00	5.930e+00
17	17	7.694e+00	9.624e+00	7.694e+00	9.624e+00	6.843e+00	8.489e+00	6.090e+00	7.901e+00	4.985e+00	7.066e+00	4.447e+00	5.968e+00
17	18	8.608e+00	1.014e+01	8.402e+00	9.872e+00	6.635e+00	7.875e+00	6.390e+00	7.597e+00	5.949e+00	6.913e+00	4.336e+00	5.380e+00
17	19	8.790e+00	1.003e+01	7.725e+00	9.081e+00	6.640e+00	8.631e+00	5.975e+00	8.200e+00	5.592e+00	7.610e+00	4.695e+00	5.256e+00
17	20	6.745e+00	8.905e+00	6.338e+00	8.565e+00	6.266e+00	8.561e+00	6.103e+00	7.830e+00	4.928e+00	6.271e+00	4.507e+00	5.629e+00
18	0	7.452e+00	9.178e+00	6.522e+00	8.808e+00	6.293e+00	8.196e+00	5.840e+00	7.983e+00	5.710e+00	6.856e+00	3.467e+00	5.826e+00
18	1	6.732e+00	8.375e+00	6.732e+00	8.375e+00	6.719e+00	8.373e+00	6.142e+00	7.873e+00	5.591e+00	7.106e+00	3.443e+00	5.262e+00
18	2	7.699e+00	9.961e+00	6.736e+00	7.991e+00	6.652e+00	7.891e+00	6.652e+00	7.891e+00	5.726e+00	7.036e+00	4.100e+00	6.419e+00
18	3	7.581e+00	9.774e+00	7.076e+00	8.893e+00	5.939e+00	7.428e+00	5.939e+00	7.428e+00	5.165e+00	6.350e+00	4.370e+00	5.250e+00
18	4	8.432e+00	1.021e+01	7.430e+00	9.516e+00	5.908e+00	8.075e+00	5.452e+00	7.562e+00	5.452e+00	7.562e+00	4.073e+00	5.984e+00
18	5	8.041e+00	9.652e+00	7.815e+00	9.291e+00	6.736e+00	8.344e+00	6.736e+00	8.344e+00	5.965e+00	8.187e+00	4.525e+00	5.978e+00
18	6	7.771e+00	9.674e+00	7.452e+00	9.594e+00	6.788e+00	9.134e+00	6.410e+00	8.116e+00	5.642e+00	6.913e+00	4.194e+00	6.378e+00
18	7	8.800e+00	1.036e+01	8.180e+00	9.184e+00	7.233e+00	8.464e+00	7.233e+00	8.464e+00	5.594e+00	7.168e+00	4.166e+00	5.664e+00
18	8	8.426e+00	1.030e+01	7.755e+00	9.764e+00	7.679e+00	9.739e+00	6.294e+00	7.733e+00	5.566e+00	7.063e+00	4.325e+00	6.340e+00
18	9	7.996e+00	9.095e+00	7.668e+00	8.825e+00	7.141e+00	8.261e+00	6.258e+00	7.179e+00	5.455e+00	6.415e+00	4.703e+00	6.103e+00
18	10	7.882e+00	9.274e+00	7.375e+00	9.046e+00	6.800e+00	8.261e+00	5.600e+00	6.961e+00	4.932e+00	6.510e+00	4.667e+00	5.762e+00
18	11	7.830e+00	8.812e+00	7.021e+00	8.793e+00	6.756e+00	8.395e+00	5.839e+00	8.016e+00	5.007e+00	6.711e+00	4.408e+00	5.163e+00
18	12	7.205e+00	9.067e+00	7.205e+00	9.067e+00	7.113e+00	8.239e+00	6.759e+00	8.090e+00	4.801e+00	6.631e+00	3.861e+00	5.224e+00
18	13	9.031e+00	1.105e+01	8.295e+00	9.878e+00	7.794e+00	9.371e+00	5.963e+00	7.314e+00	5.142e+00	6.685e+00	3.737e+00	5.569e+00
18	14	8.768e+00	1.036e+01	8.682e+00	1.010e+01	7.395e+00	8.995e+00	6.994e+00	8.397e+00	6.139e+00	7.500e+00	4.445e+00	6.032e+00
18	15	8.863e+00	9.943e+00	7.404e+00	8.847e+00	7.331e+00	8.460e+00	5.969e+00	7.718e+00	4.928e+00	6.715e+00	3.986e+00	5.758e+00
18	16	8.727e+00	9.842e+00	7.893e+00	9.632e+00	7.649e+00	9.276e+00	6.241e+00	7.812e+00	5.169e+00	7.118e+00	4.443e+00	5.998e+00
18	17	8.378e+00	9.462e+00	8.103e+00	9.243e+00	6.856e+00	8.616e+00	5.699e+00	7.358e+00	5.360e+00	6.717e+00	3.721e+00	5.703e+00
18	18	9.088e+00	1.052e+01	6.609e+00	9.066e+00	6.402e+00	8.829e+00	5.632e+00	8.311e+00	5.199e+00	7.523e+00	4.592e+00	6.142e+00
18	19	8.239e+00	1.023e+01	7.179e+00	9.454e+00	6.355e+00	7.805e+00	5.991e+00	7.091e+00	5.144e+00	6.609e+00	3.853e+00	5.709e+00
18	20	8.073e+00	9.200e+00	7.915e+00	8.917e+00	6.624e+00	8.195e+00	5.803e+00	7.580e+00	5.537e+00	7.110e+00	4.875e+00	6.210e+00
19	0	8.777e+00	1.044e+01	8.558e+00	9.925e+00	6.810e+00	8.515e+00	5.723e+00	8.088e+00	5.144e+00	7.730e+00	3.493e+00	5.378e+00
19	1	9.117e+00	1.042e+01	7.610e+00	9.206e+00	6.531e+00	8.656e+00	5.901e+00	8.033e+00	5.901e+00	8.033e+00	4.215e+00	5.722e+00
19	2	7.625e+00	9.606e+00	6.843e+00	9.221e+00	6.343e+00	8.155e+00	6.343e+00	8.155e+00	5.568e+00	7.172e+00	4.098e+00	5.719e+00
19	3	8.944e+00	1.024e+01	7.243e+00	8.911e+00	6.854e+00	8.833e+00	6.066e+00	8.491e+00	5.104e+00	7.143e+00	3.954e+00	6.273e+00
19	4	7.890e+00	9.147e+00	7.462e+00	8.979e+00	7.341e+00	8.241e+00	6.716e+00	7.617e+00	5.970e+00	7.170e+00	4.657e+00	5.145e+00
19	5	8.111e+00	1.021e+01	6.722e+00	8.758e+00	6.722e+00	8.758e+00	6.686e+00	8.444e+00	6.367e+00	7.048e+00	3.940e+00	5.550e+00
19	6	8.198e+00	9.488e+00	7.688e+00	9.014e+00	7.335e+00	8.620e+00	6.891e+00	8.518e+00	6.298e+00	7.726e+00	3.793e+00	6.389e+00
19	7	8.148e+00	1.042e+01	7.818e+00	9.332e+00	7.703e+00	8.758e+00	6.367e+00	8.260e+00	5.526e+00	6.998e+00	3.875e+00	6.010e+00
19	8	7.716e+00	9.447e+00	7.716e+00	9.447e+00	6.920e+00	8.734e+00	6.218e+00	7.869e+00	5.053e+00	6.839e+00	4.147e+00	5.248e+00
19	9	8.846e+00	9.869e+00	7.670e+00	8.912e+00	6.454e+00	7.622e+00	6.054e+00	6.760e+00	6.054e+00	6.760e+00	4.522e+00	4.888e+00
19	10	7.659e+00	9.006e+00	7.354e+00	8.446e+00	6.969e+00	8.298e+00	5.913e+00	7.693e+00	5.902e+00	6.774e+00	4.561e+00	5.583e+00
19	11	7.471e+00	9.483e+00	6.925e+00	8.844e+00	6.480e+00	8.266e+00	6.215e+00	7.834e+00	4.971e+00	6.544e+00	4.271e+00	5.395e+00
19	12	8.953e+00	1.084e+01	7.945e+00	9.917e+00	6.839e+00	8.652e+00	6.282e+00	8.192e+00	5.409e+00	6.759e+00	4.545e+00	5.743e+00
19	13	8.079e+00	9.462e+00	7.607e+00	9.149e+00	6.239e+00	7.869e+00	5.752e+00	7.377e+00	5.176e+00	6.913e+00	3.697e+00	5.522e+00
19	14	8.291e+00	9.495e+00	7.601e+00	8.872e+00	6.923e+00	8.291e+00	6.166e+00	7.060e+00	4.861e+00	6.282e+00	3.754e+00	5.595e+00
19	15	7.947e+00	9.003e+00	7.947e+00	9.003e+00	7.550e+00	8.686e+00	6.908e+00	8.022e+00	5.666e+00	7.289e+00	5.271e+00	5.555e+00
19	16	8.401e+00	1.024e+01	8.138e+00	9.948e+00	6.686e+00	9.077e+00	5.635e+00	7.449e+00	5.065e+00	6.932e+00	3.853e+00	4.907e+00
19	17	7.898e+00	1.012e+01	6.971e+00	9.204e+00	6.342e+00	8.679e+00	6.266e+00	8.537e+00	5.034e+00	6.577e+00	4.088e+00	5.960e+00
19	18	8.657e+00	1.053e+01	6.677e+00	8.776e+00	5.712e+00	8.019e+00	5.695e+00	7.687e+00	5.240e+00	6.802e+00	4.297e+00	6.459e+00
19	19	6.410e+00	8.228e+00	6.410e+00	8.228e+00	6.410e+00	8.228e+00	4.886e+00	7.274e+00	4.784e+00	7.168e+00	4.128e+00	6.238e+00
19	20	8.152e+00	1.026e+01	8.152e+00	1.026e+01	5.455e+00	7.582e+00	5.080e+00	7.201e+00	5.080e+00	7.201e+00	4.129e+00	5.817e+00
20	0	8.036e+00	9.550e+00	7.780e+00	9.227e+00	6.439e+00	7.566e+00	6.344e+00	7.351e+00	5.896e+00	7.351e+00	3.996e+00	6.203e+00
20	1	7.952e+00	9.753e+00	6.816e+00	8.507e+00	6.069e+00	7.893e+00	6.024e+00	7.702e+00	5.375e+00	6.750e+00	4.339e+00	5.990e+00
20	2	7.295e+00	8.699e+00	7.295e+00	8.699e+00	7.295e+00	8.699e+00	5.815e+00	7.714e+00	5.293e+00	7.035e+00	4.456e+00	6.386e+00
20	3	8.094e+00	1.012e+01	7.049e+00	8.557e+00	6.415e+00	7.959e+00	6.124e+00	7.722e+00	5.901e+00	7.446e+00	5.583e+00	6.630e+00
20	4	7.666e+00	8.967e+00	7.540e+00	8.849e+00	6.449e+00	7.908e+00	6.449e+00	7.908e+00	6.033e+00	7.512e+00	4.813e+00	6.162e+00
20	5	8.743e+00	9.656e+00	7.716e+00	8.165e+00	7.495e+00	8.164e+00	6.645e+00	7.413e+00	5.966e+00	7.193e+00	4.282e+00	5.559e+00
20	6	8.414e+00	9.924e+00	7.611e+00	8.924e+00	7.039e+00	8.433e+00	6.254e+00	7.176e+00	6.254e+00	7.176e+00	4.169e+00	5.734e+00
20	7	8.752e+00	9.741e+00	8.449e+00	9.581e+00	7.647e+00	8.428e+00	6.703e+00	7.985e+00	5.112e+00	6.950e+00	4.312e+00	5.543e+00
20	8	8.209e+00	9.290e+00	7.396e+00	8.821e+00	7.166e+00	8.410e+00	6.966e+00	8.030e+00	5.662e+00	7.697e+00	4.209e+00	6.027e+00
20	9	8.301e+00	1.031e+01	7.474e+00	8.614e+00	6.272e+00	7.814e+00	6.187e+00	7.691e+00	5.868e+00	6.783e+00	4.131e+00	5.334e+00
20	10	7.860e+00	9.541e+00	6.763e+00	8.892e+00	6.763e+00	8.892e+00	6.527e+00	8.405e+00	4.697e+00	6.428e+00	3.843e+00	5.801e+00
20	11	8.113e+00	9.669e+00	7.056e+00	8.865e+00	6.119e+00	7.787e+00	5.673e+00	7.203e+00	5.466e+00	6.850e+00	4.263e+00	5.654e+00
20	12	7.801e+00	9.949e+00	7.370e+00	9.672e+00	6.575e+00	8.582e+00	5.948e+00	7.902e+00	4.837e+00	6.964e+00	3.843e+00	6.004e+00
20	13	8.590e+00	1.024e+01	7.984e+00	9.568e+00	5.637e+00	7.914e+00	5.637e+00	7.914e+00	5.400e+00	7.197e+00	4.023e+00	5.747e+00
20	14	8.086e+00	1.007e+01	6.989e+00	9.259e+00	6.282e+00	8.153e+00	5.933e+00	7.840e+00	5.159e+00	6.528e+00	3.646e+00	4.947e+00
20	15	8.464e+00	9.928e+00	6.978e+00	9.111e+00	6.268e+00	8.062e+00	6.047e+00	7.188e+00	5.359e+00	6.036e+00	3.984e+00	5.473e+00
20	16	8.584e+00	1.020e+01	8.282e+00	1.014e+01	7.902e+00	9.652e+00	6.252e+00	8.376e+00	5.529e+00	6.827e+00	4.157e+00	5.861e+00
20	17	8.417e+00	1.012e+01	7.264e+00	9.075e+00	6.014e+00	8.248e+00	5.697e+00	7.556e+00	4.949e+00	7.206e+00	4.244e+00	6.350e+00
20	18	7.755e+00	8.622e+00	7.755e+00	8.622e+00	6.724e+00	8.369e+00	5.534e+00	7.886e+00	5.120e+00	6.415e+00	4.358e+00	6.112e+00
20	19	7.519e+00	9.082e+00	7.222e+00	8.980e+00	6.767e+00	8.235e+00	6.206e+00	7.600e+00	5.229e+00	7.226e+00	3.942e+00	6.097e+00
20	20	7.830e+00	9.230e+00	7.830e+00	9.230e+00	6.919e+00	8.274e+00	6.912e+00	8.014e+00	5.449e+00	7.634e+00	4.200e+00	5.624e+00
