x	y	0.fitness.0.	0.fitness.1.	5000.fitness.0.	5000.fitness.1.	10000.fitness.0.	10000.fitness.1.	15000.fitness.0.	15000.fitness.1.	25000.fitness.0.	25000.fitness.1.	50000.fitness.0.	50000.fitness.1.
0	0	9.200e-01	8.900e-01	8.700e-01	8.900e-01	8.200e-01	8.300e-01	8.200e-01	8.000e-01	7.900e-01	7.800e-01	7.100e-01	6.500e-01
0	1	9.000e-01	9.000e-01	8.800e-01	8.800e-01	8.600e-01	8.400e-01	8.200e-01	8.100e-01	7.900e-01	7.700e-01	7.400e-01	6.800e-01
0	2	8.300e-01	8.700e-01	8.200e-01	8.300e-01	8.200e-01	8.200e-01	8.200e-01	8.200e-01	7.800e-01	7.300e-01	6.900e-01	6.700e-01
0	3	9.100e-01	8.900e-01	9.100e-01	8.800e-01	8.800e-01	8.600e-01	8.600e-01	7.900e-01	7.700e-01	7.600e-01	6.900e-01	7.000e-01
0	4	9.500e-01	8.600e-01	9.200e-01	8.400e-01	9.200e-01	8.300e-01	9.100e-01	8.200e-01	9.100e-01	8.100e-01	6.700e-01	7.200e-01
0	5	8.700e-01	9.000e-01	8.500e-01	9.000e-01	8.300e-01	8.900e-01	7.700e-01	8.400e-01	7.500e-01	8.100e-01	6.900e-01	7.200e-01
0	6	8.700e-01	9.300e-01	8.000e-01	9.300e-01	7.900e-01	9.300e-01	7.500e-01	9.200e-01	7.200e-01	8.700e-01	6.700e-01	7.600e-01
0	7	8.700e-01	9.300e-01	8.700e-01	9.200e-01	8.300e-01	8.800e-01	8.000e-01	8.700e-01	7.500e-01	7.400e-01	7.100e-01	6.700e-01
0	8	8.200e-01	9.500e-01	8.100e-01	9.200e-01	8.100e-01	9.100e-01	8.000e-01	9.100e-01	7.600e-01	7.900e-01	7.200e-01	6.900e-01
0	9	8.700e-01	9.200e-01	8.300e-01	8.700e-01	8.300e-01	8.700e-01	8.300e-01	8.400e-01	8.100e-01	8.200e-01	6.900e-01	7.300e-01
0	10	8.900e-01	9.000e-01	8.900e-01	9.000e-01	8.900e-01	9.000e-01	8.900e-01	8.600e-01	7.900e-01	7.700e-01	7.000e-01	6.900e-01
0	11	9.400e-01	9.300e-01	8.300e-01	9.100e-01	7.900e-01	8.600e-01	7.900e-01	8.600e-01	7.700e-01	8.100e-01	6.900e-01	7.000e-01
0	12	8.800e-01	9.300e-01	8.400e-01	8.900e-01	8.300e-01	8.500e-01	8.200e-01	8.500e-01	7.800e-01	8.300e-01	6.700e-01	7.200e-01
0	13	8.600e-01	8.800e-01	8.600e-01	8.600e-01	8.500e-01	8.300e-01	8.000e-01	8.200e-01	7.600e-01	8.200e-01	6.400e-01	7.100e-01
0	14	8.900e-01	9.200e-01	8.500e-01	8.800e-01	7.900e-01	8.600e-01	7.800e-01	8.500e-01	7.700e-01	7.700e-01	6.700e-01	7.300e-01
0	15	8.900e-01	8.700e-01	8.700e-01	8.700e-01	8.500e-01	8.600e-01	8.400e-01	8.600e-01	7.800e-01	8.200e-01	6.400e-01	7.400e-01
0	16	8.900e-01	9.400e-01	8.900e-01	9.100e-01	8.900e-01	9.100e-01	8.800e-01	9.000e-01	7.300e-01	8.400e-01	6.400e-01	7.600e-01
0	17	8.800e-01	9.200e-01	8.800e-01	9.100e-01	8.700e-01	9.100e-01	8.100e-01	8.400e-01	7.800e-01	7.400e-01	7.700e-01	6.200e-01
0	18	9.200e-01	8.800e-01	9.200e-01	8.800e-01	8.300e-01	8.600e-01	8.100e-01	8.500e-01	7.700e-01	8.100e-01	6.600e-01	6.800e-01
0	19	8.800e-01	8.900e-01	8.600e-01	8.900e-01	8.500e-01	8.900e-01	8.100e-01	8.600e-01	7.800e-01	8.300e-01	6.500e-01	7.200e-01
0	20	9.200e-01	8.700e-01	8.700e-01	8.600e-01	8.000e-01	8.500e-01	7.900e-01	8.500e-01	7.900e-01	8.500e-01	6.400e-01	7.300e-01
1	0	9.600e-01	8.500e-01	9.600e-01	8.300e-01	8.600e-01	8.000e-01	8.600e-01	7.900e-01	8.000e-01	7.600e-01	7.100e-01	6.700e-01
1	1	8.900e-01	9.200e-01	8.400e-01	8.700e-01	8.300e-01	8.300e-01	8.200e-01	8.200e-01	8.000e-01	7.600e-01	7.100e-01	6.800e-01
1	2	9.200e-01	9.100e-01	8.500e-01	8.600e-01	8.500e-01	8.600e-01	8.000e-01	8.300e-01	7.700e-01	7.900e-01	7.000e-01	7.300e-01
1	3	8.900e-01	9.100e-01	8.900e-01	8.700e-01	8.600e-01	8.200e-01	8.600e-01	8.200e-01	7.900e-01	7.500e-01	7.200e-01	6.900e-01
1	4	8.800e-01	9.400e-01	8.200e-01	9.300e-01	8.100e-01	9.200e-01	8.100e-01	9.200e-01	7.400e-01	8.100e-01	6.300e-01	7.400e-01
1	5	8.600e-01	8.800e-01	8.300e-01	8.700e-01	7.900e-01	8.600e-01	7.900e-01	8.600e-01	7.900e-01	8.500e-01	7.100e-01	7.000e-01
1	6	8.900e-01	8.900e-01	8.500e-01	8.900e-01	8.500e-01	8.800e-01	8.100e-01	8.700e-01	7.800e-01	7.800e-01	7.300e-01	7.300e-01
1	7	8.500e-01	9.000e-01	8.400e-01	9.000e-01	7.700e-01	9.000e-01	7.600e-01	9.000e-01	7.300e-01	8.300e-01	6.800e-01	7.700e-01
1	8	8.800e-01	8.600e-01	8.500e-01	8.100e-01	8.500e-01	8.100e-01	8.400e-01	7.900e-01	7.800e-01	7.400e-01	7.000e-01	6.600e-01
1	9	9.100e-01	9.100e-01	8.700e-01	8.700e-01	8.400e-01	8.300e-01	8.400e-01	8.300e-01	7.700e-01	8.000e-01	7.500e-01	6.800e-01
1	10	9.400e-01	9.300e-01	9.000e-01	9.200e-01	8.600e-01	8.700e-01	8.000e-01	8.600e-01	7.800e-01	8.400e-01	7.100e-01	6.800e-01
1	11	9.000e-01	9.100e-01	8.500e-01	9.000e-01	8.300e-01	8.500e-01	8.300e-01	8.400e-01	8.200e-01	7.700e-01	7.600e-01	6.800e-01
1	12	9.200e-01	8.700e-01	8.800e-01	8.300e-01	8.800e-01	8.200e-01	8.000e-01	8.100e-01	8.000e-01	8.100e-01	6.300e-01	7.300e-01
1	13	9.100e-01	9.300e-01	8.600e-01	8.800e-01	8.500e-01	8.400e-01	8.300e-01	8.200e-01	8.000e-01	7.700e-01	7.200e-01	6.800e-01
1	14	8.800e-01	9.200e-01	8.300e-01	9.200e-01	8.300e-01	9.100e-01	8.100e-01	9.000e-01	8.000e-01	8.000e-01	7.100e-01	6.700e-01
1	15	9.100e-01	8.900e-01	8.800e-01	8.500e-01	8.800e-01	8.200e-01	8.300e-01	8.000e-01	7.800e-01	7.700e-01	7.000e-01	7.100e-01
1	16	8.800e-01	9.200e-01	8.800e-01	9.100e-01	8.200e-01	8.500e-01	8.200e-01	8.500e-01	7.900e-01	7.800e-01	7.000e-01	7.200e-01
1	17	9.400e-01	8.900e-01	8.400e-01	8.700e-01	8.200e-01	8.400e-01	8.100e-01	8.300e-01	7.700e-01	8.200e-01	7.100e-01	6.500e-01
1	18	9.600e-01	8.900e-01	9.000e-01	8.800e-01	8.500e-01	8.700e-01	8.400e-01	8.600e-01	7.600e-01	8.300e-01	7.000e-01	6.500e-01
1	19	8.500e-01	8.900e-01	8.500e-01	8.900e-01	8.300e-01	8.700e-01	8.300e-01	8.700e-01	7.800e-01	8.100e-01	6.500e-01	7.000e-01
1	20	9.000e-01	8.900e-01	8.400e-01	8.400e-01	8.300e-01	8.400e-01	8.200e-01	8.400e-01	7.600e-01	8.400e-01	6.700e-01	6.900e-01
2	0	8.900e-01	9.200e-01	8.900e-01	9.200e-01	8.800e-01	9.200e-01	8.500e-01	8.500e-01	8.300e-01	8.000e-01	7.100e-01	6.700e-01
2	1	9.200e-01	8.700e-01	9.000e-01	8.400e-01	9.000e-01	8.200e-01	8.000e-01	7.700e-01	7.800e-01	7.600e-01	7.000e-01	6.800e-01
2	2	8.600e-01	9.100e-01	8.600e-01	9.100e-01	8.500e-01	8.500e-01	8.500e-01	8.300e-01	8.200e-01	7.300e-01	7.000e-01	6.700e-01
2	3	9.100e-01	8.400e-01	9.000e-01	8.300e-01	9.000e-01	8.200e-01	8.100e-01	8.200e-01	7.800e-01	8.100e-01	6.300e-01	7.100e-01
2	4	9.100e-01	9.400e-01	8.900e-01	9.200e-01	8.500e-01	8.500e-01	8.500e-01	8.500e-01	7.900e-01	7.600e-01	7.300e-01	6.700e-01
2	5	9.200e-01	9.000e-01	9.200e-01	9.000e-01	8.600e-01	8.600e-01	8.000e-01	8.300e-01	7.700e-01	8.100e-01	7.000e-01	6.800e-01
2	6	9.400e-01	9.100e-01	8.600e-01	8.600e-01	8.600e-01	8.500e-01	8.400e-01	8.400e-01	7.700e-01	8.000e-01	7.000e-01	7.000e-01
2	7	8.900e-01	8.600e-01	8.900e-01	8.400e-01	8.700e-01	8.200e-01	8.700e-01	8.200e-01	7.600e-01	8.000e-01	6.300e-01	7.000e-01
2	8	8.600e-01	8.700e-01	8.600e-01	8.600e-01	8.400e-01	8.500e-01	8.300e-01	8.500e-01	7.800e-01	8.400e-01	6.600e-01	7.100e-01
2	9	8.700e-01	9.200e-01	8.700e-01	9.200e-01	8.400e-01	8.600e-01	8.000e-01	8.600e-01	7.800e-01	8.200e-01	7.200e-01	6.800e-01
2	10	9.300e-01	9.100e-01	8.800e-01	8.700e-01	8.600e-01	8.500e-01	8.300e-01	8.100e-01	7.400e-01	8.000e-01	6.800e-01	7.400e-01
2	11	9.100e-01	8.900e-01	8.900e-01	8.600e-01	8.900e-01	8.500e-01	8.500e-01	8.400e-01	8.300e-01	8.000e-01	6.900e-01	7.000e-01
2	12	8.600e-01	8.700e-01	8.600e-01	8.600e-01	8.600e-01	8.600e-01	8.500e-01	8.400e-01	8.200e-01	8.000e-01	7.800e-01	6.900e-01
2	13	9.000e-01	8.800e-01	9.000e-01	8.700e-01	8.900e-01	8.700e-01	8.300e-01	8.300e-01	7.700e-01	7.800e-01	6.600e-01	7.000e-01
2	14	9.100e-01	9.100e-01	8.700e-01	8.400e-01	8.600e-01	8.400e-01	8.400e-01	8.200e-01	7.600e-01	7.300e-01	6.500e-01	7.000e-01
2	15	9.200e-01	9.000e-01	8.800e-01	8.400e-01	8.600e-01	8.400e-01	8.200e-01	8.400e-01	7.800e-01	7.900e-01	6.800e-01	6.600e-01
2	16	8.700e-01	8.500e-01	8.600e-01	8.500e-01	8.600e-01	8.500e-01	8.200e-01	8.400e-01	7.400e-01	7.600e-01	7.000e-01	7.000e-01
2	17	9.000e-01	8.600e-01	9.000e-01	8.600e-01	8.800e-01	8.400e-01	8.800e-01	8.000e-01	7.800e-01	7.300e-01	6.600e-01	6.500e-01
2	18	9.200e-01	9.100e-01	8.500e-01	8.500e-01	8.300e-01	8.300e-01	8.300e-01	8.300e-01	7.400e-01	8.100e-01	6.500e-01	7.300e-01
2	19	8.700e-01	9.400e-01	8.700e-01	9.400e-01	8.200e-01	8.600e-01	8.100e-01	8.300e-01	8.000e-01	8.000e-01	6.900e-01	6.400e-01
2	20	9.000e-01	8.500e-01	9.000e-01	8.500e-01	8.600e-01	8.500e-01	8.600e-01	8.300e-01	8.000e-01	7.100e-01	7.300e-01	6.600e-01
3	0	8.700e-01	9.400e-01	8.700e-01	9.300e-01	7.400e-01	8.400e-01	7.400e-01	8.400e-01	7.000e-01	8.400e-01	6.400e-01	7.600e-01
3	1	9.200e-01	9.600e-01	8.500e-01	9.200e-01	7.700e-01	8.600e-01	7.700e-01	8.000e-01	7.100e-01	7.600e-01	6.700e-01	6.900e-01
3	2	7.500e-01	9.100e-01	7.200e-01	9.000e-01	7.200e-01	8.900e-01	7.100e-01	8.800e-01	7.100e-01	8.700e-01	6.400e-01	7.100e-01
3	3	9.000e-01	9.100e-01	8.600e-01	8.800e-01	8.400e-01	8.400e-01	8.400e-01	8.400e-01	8.200e-01	8.000e-01	6.000e-01	7.200e-01
3	4	9.000e-01	8.600e-01	8.800e-01	8.500e-01	8.700e-01	8.500e-01	8.100e-01	8.400e-01	7.900e-01	7.600e-01	6.400e-01	7.600e-01
3	5	9.000e-01	8.700e-01	8.600e-01	8.700e-01	8.600e-01	8.500e-01	8.500e-01	8.400e-01	8.500e-01	8.300e-01	6.400e-01	7.300e-01
3	6	8.400e-01	9.000e-01	8.200e-01	8.900e-01	8.100e-01	8.900e-01	8.000e-01	8.900e-01	7.300e-01	8.600e-01	6.700e-01	7.200e-01
3	7	9.700e-01	9.400e-01	8.700e-01	8.700e-01	8.600e-01	8.700e-01	8.300e-01	8.600e-01	7.800e-01	8.000e-01	6.300e-01	7.300e-01
3	8	8.400e-01	9.100e-01	8.200e-01	9.000e-01	8.000e-01	9.000e-01	7.900e-01	8.800e-01	7.800e-01	8.500e-01	6.400e-01	7.400e-01
3	9	9.400e-01	8.900e-01	8.900e-01	8.800e-01	8.300e-01	8.400e-01	8.300e-01	8.400e-01	7.200e-01	8.300e-01	6.800e-01	7.500e-01
3	10	9.200e-01	9.300e-01	8.900e-01	9.100e-01	8.800e-01	9.000e-01	7.800e-01	8.400e-01	7.400e-01	8.300e-01	6.200e-01	7.700e-01
3	11	8.900e-01	9.400e-01	8.800e-01	9.300e-01	8.500e-01	8.900e-01	8.400e-01	8.600e-01	7.300e-01	8.000e-01	6.700e-01	7.700e-01
3	12	8.500e-01	9.400e-01	8.100e-01	9.100e-01	8.100e-01	9.100e-01	8.100e-01	9.100e-01	7.600e-01	8.100e-01	6.700e-01	6.900e-01
3	13	8.700e-01	9.200e-01	8.700e-01	8.900e-01	8.500e-01	8.600e-01	8.200e-01	8.500e-01	7.100e-01	8.100e-01	6.700e-01	7.500e-01
3	14	9.100e-01	9.300e-01	8.900e-01	9.000e-01	8.800e-01	8.700e-01	8.100e-01	8.400e-01	7.800e-01	8.100e-01	6.800e-01	7.300e-01
3	15	9.200e-01	9.500e-01	8.900e-01	9.100e-01	8.600e-01	8.600e-01	8.500e-01	8.600e-01	7.400e-01	8.000e-01	6.900e-01	7.100e-01
3	16	9.300e-01	9.300e-01	8.900e-01	9.200e-01	8.700e-01	8.600e-01	8.500e-01	8.100e-01	7.700e-01	7.600e-01	6.600e-01	7.000e-01
3	17	8.400e-01	9.000e-01	8.400e-01	8.900e-01	8.200e-01	8.900e-01	7.800e-01	8.100e-01	7.500e-01	7.800e-01	6.200e-01	7.000e-01
3	18	9.200e-01	8.900e-01	8.800e-01	8.200e-01	8.700e-01	8.100e-01	8.700e-01	8.100e-01	7.500e-01	8.000e-01	6.800e-01	7.400e-01
3	19	9.200e-01	9.200e-01	9.000e-01	9.000e-01	8.500e-01	8.200e-01	8.500e-01	8.200e-01	8.400e-01	8.000e-01	7.000e-01	6.600e-01
3	20	9.200e-01	9.000e-01	8.900e-01	8.700e-01	8.900e-01	8.700e-01	8.900e-01	8.400e-01	8.100e-01	7.700e-01	7.100e-01	6.000e-01
4	0	8.800e-01	9.300e-01	8.700e-01	8.900e-01	8.500e-01	8.900e-01	8.400e-01	8.900e-01	7.300e-01	7.700e-01	7.300e-01	6.800e-01
4	1	9.100e-01	8.800e-01	8.800e-01	8.700e-01	7.600e-01	8.200e-01	7.500e-01	8.100e-01	7.500e-01	7.600e-01	7.200e-01	7.200e-01
4	2	8.800e-01	8.900e-01	8.500e-01	8.600e-01	8.400e-01	8.600e-01	8.000e-01	8.500e-01	7.500e-01	7.700e-01	6.400e-01	7.400e-01
4	3	9.300e-01	9.300e-01	8.600e-01	8.700e-01	8.600e-01	8.700e-01	8.600e-01	8.700e-01	8.400e-01	8.300e-01	5.800e-01	7.300e-01
4	4	8.900e-01	8.700e-01	8.800e-01	8.700e-01	8.400e-01	8.300e-01	8.400e-01	8.200e-01	8.200e-01	8.000e-01	6.400e-01	7.400e-01
4	5	9.400e-01	8.800e-01	9.000e-01	8.500e-01	8.700e-01	8.500e-01	8.000e-01	8.400e-01	7.600e-01	8.300e-01	6.000e-01	7.700e-01
4	6	8.800e-01	9.000e-01	8.500e-01	8.900e-01	8.400e-01	8.400e-01	8.100e-01	8.400e-01	7.800e-01	8.000e-01	7.500e-01	7.100e-01
4	7	9.100e-01	9.000e-01	8.700e-01	9.000e-01	8.600e-01	8.900e-01	7.700e-01	8.800e-01	7.400e-01	8.100e-01	6.700e-01	7.500e-01
4	8	9.200e-01	8.900e-01	8.300e-01	8.700e-01	8.200e-01	8.200e-01	8.200e-01	8.100e-01	7.700e-01	8.100e-01	7.000e-01	7.400e-01
4	9	9.000e-01	8.900e-01	8.800e-01	8.800e-01	8.400e-01	8.400e-01	8.300e-01	8.400e-01	7.400e-01	7.900e-01	6.300e-01	7.500e-01
4	10	9.500e-01	9.400e-01	8.600e-01	9.000e-01	8.400e-01	8.300e-01	8.400e-01	8.300e-01	8.000e-01	8.300e-01	6.400e-01	7.800e-01
4	11	9.000e-01	9.600e-01	8.300e-01	8.700e-01	8.300e-01	8.600e-01	8.200e-01	8.300e-01	7.600e-01	7.900e-01	6.900e-01	7.100e-01
4	12	9.400e-01	9.000e-01	9.200e-01	8.800e-01	8.500e-01	8.400e-01	8.200e-01	8.000e-01	8.200e-01	7.900e-01	7.300e-01	7.000e-01
4	13	8.900e-01	9.000e-01	8.600e-01	8.800e-01	8.400e-01	8.200e-01	8.300e-01	8.200e-01	7.800e-01	7.600e-01	7.500e-01	6.700e-01
4	14	8.900e-01	9.300e-01	8.900e-01	9.000e-01	8.600e-01	8.600e-01	8.500e-01	8.200e-01	7.200e-01	8.100e-01	6.800e-01	7.400e-01
4	15	9.100e-01	9.100e-01	8.900e-01	9.000e-01	8.100e-01	8.000e-01	8.100e-01	8.000e-01	7.800e-01	7.500e-01	7.000e-01	6.600e-01
4	16	8.700e-01	8.900e-01	8.600e-01	8.900e-01	8.200e-01	8.300e-01	8.100e-01	7.800e-01	7.700e-01	7.500e-01	7.100e-01	6.500e-01
4	17	8.800e-01	9.700e-01	8.300e-01	9.300e-01	8.200e-01	9.200e-01	7.800e-01	8.600e-01	7.300e-01	8.000e-01	6.700e-01	7.100e-01
4	18	8.700e-01	9.000e-01	8.600e-01	8.900e-01	8.400e-01	8.600e-01	8.200e-01	8.200e-01	7.600e-01	8.100e-01	6.500e-01	7.300e-01
4	19	9.200e-01	9.000e-01	9.200e-01	9.000e-01	9.100e-01	8.700e-01	8.600e-01	7.500e-01	8.300e-01	7.500e-01	6.500e-01	6.600e-01
4	20	9.400e-01	9.400e-01	8.800e-01	9.000e-01	8.300e-01	8.900e-01	8.100e-01	8.100e-01	8.100e-01	7.900e-01	7.300e-01	7.000e-01
5	0	9.200e-01	9.400e-01	8.800e-01	9.300e-01	8.600e-01	9.100e-01	8.200e-01	8.700e-01	7.400e-01	7.900e-01	7.200e-01	7.000e-01
5	1	8.800e-01	9.000e-01	8.800e-01	8.900e-01	8.300e-01	8.700e-01	7.900e-01	8.100e-01	7.100e-01	8.100e-01	6.600e-01	7.300e-01
5	2	9.000e-01	8.800e-01	8.900e-01	8.700e-01	7.800e-01	8.300e-01	7.700e-01	8.200e-01	6.900e-01	8.000e-01	6.400e-01	7.300e-01
5	3	8.800e-01	9.000e-01	8.400e-01	8.800e-01	8.300e-01	8.800e-01	7.800e-01	8.500e-01	7.300e-01	7.900e-01	6.200e-01	7.600e-01
5	4	9.200e-01	9.300e-01	8.900e-01	9.200e-01	8.200e-01	8.900e-01	8.000e-01	8.800e-01	7.700e-01	8.100e-01	7.200e-01	6.500e-01
5	5	8.700e-01	9.300e-01	8.400e-01	9.100e-01	8.100e-01	8.800e-01	8.000e-01	8.600e-01	7.300e-01	8.500e-01	6.300e-01	7.500e-01
5	6	9.300e-01	9.300e-01	8.600e-01	8.800e-01	8.300e-01	8.700e-01	8.300e-01	8.500e-01	7.200e-01	8.200e-01	6.400e-01	7.500e-01
5	7	8.900e-01	9.100e-01	8.400e-01	8.800e-01	8.100e-01	8.500e-01	8.000e-01	8.400e-01	7.300e-01	7.900e-01	7.000e-01	7.400e-01
5	8	8.800e-01	9.100e-01	8.800e-01	9.100e-01	8.600e-01	8.800e-01	7.800e-01	8.700e-01	7.300e-01	7.900e-01	6.900e-01	7.200e-01
5	9	9.100e-01	9.700e-01	8.600e-01	9.000e-01	8.300e-01	8.600e-01	8.000e-01	8.500e-01	7.700e-01	8.200e-01	6.400e-01	7.300e-01
5	10	8.500e-01	9.000e-01	8.400e-01	8.600e-01	8.300e-01	8.600e-01	8.100e-01	8.400e-01	7.600e-01	8.100e-01	6.700e-01	7.000e-01
5	11	8.800e-01	9.300e-01	8.700e-01	9.200e-01	8.200e-01	9.000e-01	7.900e-01	8.800e-01	7.400e-01	8.400e-01	6.600e-01	7.800e-01
5	12	9.100e-01	9.000e-01	8.300e-01	8.500e-01	8.300e-01	8.500e-01	8.300e-01	8.400e-01	7.100e-01	8.200e-01	6.900e-01	6.800e-01
5	13	9.200e-01	8.900e-01	9.200e-01	8.900e-01	7.700e-01	8.500e-01	7.600e-01	8.000e-01	7.300e-01	7.700e-01	6.800e-01	7.000e-01
5	14	8.600e-01	9.200e-01	8.600e-01	9.000e-01	7.900e-01	8.500e-01	7.900e-01	8.400e-01	7.800e-01	7.300e-01	7.200e-01	7.100e-01
5	15	9.000e-01	8.500e-01	8.500e-01	8.200e-01	8.100e-01	8.000e-01	8.100e-01	8.000e-01	7.500e-01	7.300e-01	7.000e-01	7.100e-01
5	16	8.700e-01	9.000e-01	8.700e-01	9.000e-01	8.500e-01	8.400e-01	8.100e-01	8.200e-01	7.300e-01	8.000e-01	6.600e-01	7.300e-01
5	17	9.100e-01	8.900e-01	9.000e-01	8.600e-01	8.400e-01	8.200e-01	8.400e-01	8.000e-01	7.300e-01	8.000e-01	6.900e-01	7.500e-01
5	18	9.100e-01	9.600e-01	8.700e-01	9.100e-01	8.400e-01	8.700e-01	8.400e-01	8.600e-01	8.000e-01	7.500e-01	6.800e-01	7.000e-01
5	19	8.600e-01	9.000e-01	8.600e-01	9.000e-01	8.600e-01	8.700e-01	8.300e-01	8.600e-01	7.400e-01	8.200e-01	7.300e-01	6.700e-01
5	20	9.300e-01	9.100e-01	9.300e-01	9.000e-01	9.100e-01	8.500e-01	9.000e-01	8.500e-01	7.900e-01	7.800e-01	7.300e-01	6.600e-01
6	0	8.800e-01	9.200e-01	8.700e-01	9.000e-01	8.700e-01	9.000e-01	8.000e-01	8.600e-01	7.500e-01	7.900e-01	6.400e-01	6.400e-01
6	1	8.900e-01	8.900e-01	8.700e-01	8.800e-01	8.700e-01	8.800e-01	8.300e-01	8.400e-01	7.800e-01	8.000e-01	6.600e-01	6.500e-01
6	2	9.200e-01	9.000e-01	8.900e-01	8.800e-01	8.700e-01	8.700e-01	7.700e-01	7.900e-01	7.600e-01	7.600e-01	6.300e-01	6.800e-01
6	3	9.200e-01	8.800e-01	9.000e-01	8.700e-01	8.300e-01	8.700e-01	7.800e-01	8.500e-01	7.700e-01	7.400e-01	7.100e-01	7.000e-01
6	4	9.400e-01	8.500e-01	8.900e-01	8.200e-01	8.500e-01	8.000e-01	8.400e-01	8.000e-01	7.900e-01	7.700e-01	7.000e-01	6.800e-01
6	5	8.400e-01	8.900e-01	8.400e-01	8.800e-01	8.100e-01	8.800e-01	8.100e-01	8.800e-01	7.600e-01	8.400e-01	6.300e-01	7.400e-01
6	6	9.200e-01	9.200e-01	9.100e-01	9.100e-01	8.900e-01	8.100e-01	8.500e-01	7.700e-01	8.300e-01	7.400e-01	6.700e-01	7.100e-01
6	7	8.900e-01	8.600e-01	8.600e-01	8.400e-01	8.400e-01	7.900e-01	8.400e-01	7.800e-01	8.100e-01	7.500e-01	6.800e-01	6.600e-01
6	8	9.000e-01	9.000e-01	9.000e-01	9.000e-01	8.200e-01	8.400e-01	7.900e-01	8.400e-01	7.500e-01	7.800e-01	6.900e-01	6.600e-01
6	9	8.600e-01	8.500e-01	8.600e-01	8.300e-01	8.500e-01	8.300e-01	8.500e-01	8.200e-01	7.800e-01	8.100e-01	6.800e-01	6.800e-01
6	10	9.400e-01	8.600e-01	9.300e-01	8.600e-01	9.000e-01	7.900e-01	9.000e-01	7.800e-01	8.100e-01	7.400e-01	6.800e-01	6.900e-01
6	11	9.000e-01	8.800e-01	8.600e-01	8.600e-01	8.600e-01	8.600e-01	8.000e-01	8.100e-01	7.800e-01	7.800e-01	7.200e-01	6.500e-01
6	12	8.900e-01	9.200e-01	8.300e-01	9.200e-01	8.100e-01	9.200e-01	7.800e-01	9.000e-01	7.300e-01	8.300e-01	6.500e-01	6.700e-01
6	13	9.300e-01	8.700e-01	9.200e-01	8.300e-01	9.100e-01	8.100e-01	8.900e-01	8.100e-01	8.100e-01	7.400e-01	7.300e-01	6.800e-01
6	14	8.300e-01	9.400e-01	8.100e-01	9.200e-01	8.000e-01	8.900e-01	7.900e-01	8.900e-01	7.400e-01	8.300e-01	6.800e-01	7.100e-01
6	15	8.900e-01	9.600e-01	8.800e-01	8.400e-01	8.700e-01	8.000e-01	8.500e-01	7.800e-01	8.200e-01	7.700e-01	7.500e-01	7.000e-01
6	16	9.000e-01	8.700e-01	8.800e-01	8.700e-01	8.700e-01	8.700e-01	8.500e-01	8.700e-01	7.400e-01	8.500e-01	6.900e-01	7.500e-01
6	17	8.800e-01	8.700e-01	8.700e-01	8.600e-01	8.700e-01	8.600e-01	8.600e-01	8.200e-01	8.100e-01	7.500e-01	7.400e-01	6.900e-01
6	18	9.000e-01	8.600e-01	8.900e-01	8.600e-01	8.400e-01	8.600e-01	7.800e-01	8.400e-01	7.800e-01	8.100e-01	7.200e-01	7.000e-01
6	19	9.300e-01	8.600e-01	9.300e-01	8.500e-01	9.200e-01	8.500e-01	8.900e-01	8.400e-01	8.200e-01	7.400e-01	7.400e-01	6.200e-01
6	20	8.900e-01	9.600e-01	8.400e-01	9.600e-01	8.300e-01	9.100e-01	8.100e-01	9.000e-01	7.600e-01	8.500e-01	6.400e-01	6.800e-01
7	0	9.300e-01	8.500e-01	9.200e-01	8.400e-01	9.200e-01	8.300e-01	8.700e-01	8.000e-01	7.400e-01	7.800e-01	6.500e-01	6.700e-01
7	1	9.400e-01	9.000e-01	8.700e-01	8.800e-01	8.700e-01	8.700e-01	8.600e-01	8.000e-01	7.800e-01	7.600e-01	6.700e-01	6.800e-01
7	2	9.500e-01	9.200e-01	9.300e-01	9.200e-01	8.800e-01	9.200e-01	7.400e-01	8.500e-01	7.100e-01	8.300e-01	6.300e-01	6.800e-01
7	3	9.200e-01	8.900e-01	9.200e-01	8.800e-01	9.000e-01	8.700e-01	7.800e-01	8.400e-01	7.600e-01	8.200e-01	7.400e-01	6.600e-01
7	4	9.100e-01	9.200e-01	8.900e-01	8.800e-01	8.900e-01	8.800e-01	7.500e-01	8.500e-01	7.400e-01	7.500e-01	6.900e-01	7.000e-01
7	5	9.400e-01	8.800e-01	9.100e-01	8.500e-01	9.000e-01	8.500e-01	8.600e-01	8.100e-01	8.200e-01	7.600e-01	6.800e-01	6.400e-01
7	6	9.000e-01	8.900e-01	8.900e-01	8.700e-01	8.900e-01	8.300e-01	8.600e-01	8.200e-01	7.800e-01	7.600e-01	7.100e-01	6.400e-01
7	7	9.000e-01	9.000e-01	8.800e-01	8.900e-01	8.200e-01	8.800e-01	7.900e-01	8.500e-01	7.700e-01	8.100e-01	6.900e-01	6.600e-01
7	8	8.900e-01	9.300e-01	8.800e-01	9.300e-01	8.500e-01	8.600e-01	8.200e-01	8.100e-01	7.400e-01	7.900e-01	6.500e-01	6.900e-01
7	9	8.700e-01	9.400e-01	8.200e-01	8.700e-01	8.200e-01	8.700e-01	8.100e-01	8.600e-01	7.400e-01	7.800e-01	6.900e-01	6.900e-01
7	10	9.100e-01	9.200e-01	9.100e-01	9.100e-01	8.300e-01	8.500e-01	8.300e-01	8.400e-01	7.700e-01	7.800e-01	6.500e-01	7.200e-01
7	11	8.700e-01	8.900e-01	8.700e-01	8.700e-01	8.100e-01	8.400e-01	8.000e-01	8.100e-01	8.000e-01	7.700e-01	6.900e-01	6.700e-01
7	12	9.500e-01	8.900e-01	9.000e-01	8.700e-01	8.600e-01	8.400e-01	8.200e-01	8.300e-01	7.500e-01	7.700e-01	6.800e-01	7.200e-01
7	13	9.400e-01	8.500e-01	9.400e-01	8.200e-01	9.400e-01	7.900e-01	8.800e-01	7.900e-01	7.800e-01	7.800e-01	7.400e-01	7.000e-01
7	14	9.200e-01	8.600e-01	9.200e-01	8.600e-01	9.100e-01	8.500e-01	8.600e-01	8.400e-01	8.300e-01	7.900e-01	7.600e-01	6.900e-01
7	15	8.900e-01	8.700e-01	8.500e-01	8.600e-01	8.300e-01	8.300e-01	8.300e-01	8.000e-01	8.300e-01	7.900e-01	7.000e-01	7.200e-01
7	16	8.900e-01	9.100e-01	8.600e-01	8.600e-01	8.100e-01	7.900e-01	7.800e-01	7.800e-01	7.700e-01	7.800e-01	7.100e-01	7.300e-01
7	17	9.100e-01	8.600e-01	9.100e-01	8.600e-01	8.400e-01	8.500e-01	8.100e-01	8.200e-01	8.000e-01	7.700e-01	6.800e-01	7.000e-01
7	18	8.900e-01	9.400e-01	8.800e-01	8.800e-01	8.700e-01	8.600e-01	8.600e-01	8.600e-01	8.000e-01	7.700e-01	6.700e-01	6.900e-01
7	19	8.900e-01	8.800e-01	8.800e-01	8.800e-01	8.700e-01	8.800e-01	8.600e-01	8.100e-01	8.100e-01	8.000e-01	7.100e-01	6.500e-01
7	20	9.500e-01	8.900e-01	9.200e-01	8.500e-01	9.200e-01	8.400e-01	9.100e-01	8.200e-01	8.300e-01	7.800e-01	6.400e-01	6.800e-01
8	0	9.100e-01	9.000e-01	9.100e-01	8.800e-01	8.700e-01	8.700e-01	8.600e-01	8.300e-01	8.500e-01	8.200e-01	6.000e-01	7.100e-01
8	1	8.800e-01	8.800e-01	8.700e-01	8.800e-01	8.500e-01	8.500e-01	8.300e-01	8.500e-01	8.100e-01	8.000e-01	6.400e-01	6.900e-01
8	2	9.300e-01	9.100e-01	8.600e-01	9.000e-01	8.500e-01	9.000e-01	7.700e-01	8.400e-01	7.400e-01	8.300e-01	7.000e-01	7.200e-01
8	3	8.900e-01	8.900e-01	8.800e-01	8.700e-01	8.000e-01	8.400e-01	7.900e-01	8.200e-01	7.700e-01	8.100e-01	7.100e-01	7.400e-01
8	4	9.000e-01	8.500e-01	9.000e-01	8.500e-01	9.000e-01	8.400e-01	8.600e-01	8.100e-01	7.800e-01	7.900e-01	7.000e-01	6.800e-01
8	5	8.400e-01	8.900e-01	8.400e-01	8.800e-01	8.400e-01	8.700e-01	7.800e-01	8.500e-01	7.500e-01	8.300e-01	6.600e-01	6.900e-01
8	6	9.400e-01	9.100e-01	8.900e-01	8.500e-01	8.800e-01	8.400e-01	8.500e-01	8.400e-01	8.000e-01	7.900e-01	6.600e-01	6.800e-01
8	7	9.800e-01	8.800e-01	8.800e-01	8.700e-01	8.400e-01	8.500e-01	8.200e-01	8.400e-01	8.200e-01	7.800e-01	7.000e-01	6.500e-01
8	8	8.600e-01	9.100e-01	8.500e-01	8.900e-01	8.100e-01	8.800e-01	8.000e-01	8.700e-01	7.400e-01	7.800e-01	6.400e-01	7.400e-01
8	9	8.500e-01	9.100e-01	8.200e-01	9.000e-01	8.000e-01	8.900e-01	8.000e-01	8.500e-01	7.400e-01	7.800e-01	7.000e-01	6.800e-01
8	10	8.800e-01	9.100e-01	8.500e-01	8.900e-01	8.300e-01	8.500e-01	8.000e-01	8.300e-01	7.800e-01	7.600e-01	6.500e-01	6.600e-01
8	11	9.300e-01	8.500e-01	8.900e-01	8.500e-01	8.900e-01	8.400e-01	8.900e-01	8.400e-01	7.300e-01	7.900e-01	6.800e-01	6.300e-01
8	12	8.800e-01	8.400e-01	8.700e-01	8.300e-01	8.700e-01	8.300e-01	8.300e-01	8.200e-01	8.200e-01	8.100e-01	6.400e-01	7.000e-01
8	13	8.900e-01	8.800e-01	8.800e-01	8.800e-01	8.600e-01	8.700e-01	8.400e-01	8.400e-01	8.100e-01	7.900e-01	6.600e-01	7.400e-01
8	14	8.500e-01	8.800e-01	8.500e-01	8.700e-01	8.300e-01	8.200e-01	8.300e-01	8.200e-01	7.700e-01	7.800e-01	7.000e-01	7.200e-01
8	15	8.900e-01	9.000e-01	8.500e-01	8.500e-01	8.500e-01	8.100e-01	8.500e-01	8.000e-01	8.000e-01	7.800e-01	7.200e-01	6.900e-01
8	16	8.700e-01	9.100e-01	8.600e-01	9.100e-01	8.200e-01	8.700e-01	8.100e-01	8.500e-01	7.700e-01	7.800e-01	7.000e-01	7.500e-01
8	17	9.200e-01	9.100e-01	8.700e-01	8.800e-01	8.200e-01	8.600e-01	8.200e-01	8.600e-01	7.500e-01	8.400e-01	7.100e-01	6.800e-01
8	18	8.500e-01	8.900e-01	8.300e-01	8.900e-01	8.000e-01	8.900e-01	7.900e-01	8.900e-01	7.800e-01	7.700e-01	7.300e-01	6.500e-01
8	19	9.000e-01	8.500e-01	8.900e-01	8.500e-01	8.800e-01	8.500e-01	8.700e-01	8.400e-01	8.500e-01	7.600e-01	7.300e-01	6.500e-01
8	20	8.800e-01	9.100e-01	8.600e-01	9.100e-01	8.300e-01	8.800e-01	8.300e-01	8.800e-01	8.000e-01	7.800e-01	6.500e-01	7.100e-01
9	0	9.600e-01	8.700e-01	9.500e-01	8.500e-01	9.300e-01	8.500e-01	8.900e-01	8.400e-01	8.000e-01	7.900e-01	6.800e-01	6.800e-01
9	1	8.900e-01	9.600e-01	8.800e-01	9.200e-01	8.300e-01	8.800e-01	8.000e-01	8.600e-01	7.600e-01	8.400e-01	6.100e-01	7.200e-01
9	2	8.900e-01	9.100e-01	8.400e-01	9.000e-01	8.200e-01	8.700e-01	8.100e-01	8.400e-01	7.900e-01	7.900e-01	7.000e-01	7.100e-01
9	3	8.800e-01	9.300e-01	8.700e-01	8.700e-01	8.000e-01	8.700e-01	8.000e-01	8.700e-01	7.900e-01	8.200e-01	6.700e-01	7.000e-01
9	4	8.900e-01	8.800e-01	8.900e-01	8.800e-01	8.900e-01	8.500e-01	7.900e-01	8.400e-01	7.600e-01	8.400e-01	7.000e-01	7.400e-01
9	5	8.900e-01	9.400e-01	8.700e-01	9.000e-01	8.600e-01	8.900e-01	8.300e-01	8.800e-01	8.000e-01	8.700e-01	6.600e-01	6.700e-01
9	6	8.800e-01	8.900e-01	8.600e-01	8.500e-01	8.500e-01	8.400e-01	8.500e-01	8.300e-01	8.000e-01	7.700e-01	7.100e-01	6.600e-01
9	7	8.800e-01	8.900e-01	8.500e-01	8.800e-01	8.200e-01	8.600e-01	8.200e-01	8.500e-01	7.400e-01	8.400e-01	6.800e-01	7.400e-01
9	8	9.100e-01	9.000e-01	8.900e-01	8.600e-01	8.700e-01	8.600e-01	8.600e-01	7.900e-01	8.400e-01	7.700e-01	7.400e-01	6.500e-01
9	9	9.300e-01	9.100e-01	9.300e-01	9.100e-01	8.500e-01	8.300e-01	8.500e-01	8.100e-01	7.600e-01	8.000e-01	6.100e-01	7.400e-01
9	10	8.900e-01	9.100e-01	8.900e-01	8.500e-01	8.900e-01	8.400e-01	8.600e-01	8.000e-01	8.500e-01	7.700e-01	6.300e-01	7.000e-01
9	11	9.000e-01	9.200e-01	9.000e-01	8.600e-01	8.600e-01	8.300e-01	7.900e-01	8.000e-01	7.700e-01	7.900e-01	6.800e-01	7.100e-01
9	12	8.900e-01	9.100e-01	8.400e-01	8.800e-01	8.400e-01	8.800e-01	7.800e-01	8.800e-01	7.800e-01	8.500e-01	6.500e-01	7.000e-01
9	13	9.400e-01	9.300e-01	8.800e-01	8.300e-01	8.800e-01	8.300e-01	8.600e-01	8.200e-01	8.500e-01	8.000e-01	6.700e-01	7.300e-01
9	14	9.100e-01	8.800e-01	8.600e-01	8.700e-01	8.600e-01	8.400e-01	8.300e-01	8.300e-01	8.200e-01	8.000e-01	7.100e-01	7.300e-01
9	15	9.100e-01	8.900e-01	9.000e-01	8.400e-01	8.700e-01	8.400e-01	8.600e-01	8.300e-01	8.200e-01	7.400e-01	7.100e-01	6.400e-01
9	16	8.700e-01	9.100e-01	8.500e-01	8.500e-01	8.400e-01	8.400e-01	8.400e-01	8.400e-01	8.000e-01	7.600e-01	7.100e-01	6.400e-01
9	17	9.200e-01	8.800e-01	8.500e-01	8.400e-01	8.500e-01	8.400e-01	8.500e-01	8.400e-01	7.900e-01	8.000e-01	6.900e-01	6.800e-01
9	18	9.100e-01	9.000e-01	8.700e-01	8.900e-01	8.600e-01	8.900e-01	8.000e-01	8.100e-01	8.000e-01	7.800e-01	6.900e-01	6.300e-01
9	19	8.800e-01	9.300e-01	8.800e-01	9.300e-01	8.500e-01	8.700e-01	8.400e-01	8.600e-01	7.800e-01	7.900e-01	6.900e-01	6.400e-01
9	20	9.000e-01	9.600e-01	8.500e-01	9.200e-01	8.200e-01	9.100e-01	8.100e-01	8.400e-01	7.900e-01	7.800e-01	7.000e-01	7.200e-01
10	0	8.900e-01	9.400e-01	8.400e-01	9.200e-01	8.400e-01	9.100e-01	8.300e-01	9.000e-01	7.100e-01	8.600e-01	6.300e-01	8.000e-01
10	1	9.200e-01	9.200e-01	9.200e-01	9.100e-01	9.000e-01	8.800e-01	8.500e-01	8.700e-01	7.600e-01	8.400e-01	6.900e-01	7.200e-01
10	2	9.000e-01	8.900e-01	9.000e-01	8.800e-01	8.800e-01	8.700e-01	8.400e-01	8.200e-01	8.400e-01	8.200e-01	6.800e-01	6.800e-01
10	3	9.100e-01	9.200e-01	9.000e-01	9.100e-01	8.200e-01	9.000e-01	8.100e-01	8.800e-01	7.700e-01	8.400e-01	6.800e-01	7.300e-01
10	4	9.700e-01	8.000e-01	9.500e-01	7.800e-01	9.400e-01	7.600e-01	9.400e-01	7.600e-01	9.400e-01	7.300e-01	7.600e-01	6.000e-01
10	5	8.800e-01	9.600e-01	8.700e-01	9.100e-01	8.700e-01	8.900e-01	8.200e-01	8.800e-01	7.600e-01	8.400e-01	7.100e-01	7.000e-01
10	6	8.800e-01	9.300e-01	8.700e-01	8.700e-01	8.700e-01	8.700e-01	8.500e-01	8.000e-01	8.500e-01	7.900e-01	6.800e-01	6.900e-01
10	7	9.400e-01	8.400e-01	8.900e-01	8.300e-01	8.700e-01	8.300e-01	8.700e-01	8.300e-01	8.400e-01	7.600e-01	6.900e-01	7.200e-01
10	8	9.200e-01	9.200e-01	8.400e-01	8.700e-01	8.300e-01	8.600e-01	8.100e-01	8.300e-01	7.900e-01	7.800e-01	6.400e-01	7.200e-01
10	9	9.200e-01	8.500e-01	9.200e-01	8.400e-01	9.000e-01	8.300e-01	8.700e-01	8.000e-01	8.600e-01	7.400e-01	7.700e-01	6.400e-01
10	10	9.100e-01	9.500e-01	8.800e-01	8.600e-01	8.700e-01	8.500e-01	8.700e-01	8.400e-01	8.400e-01	8.000e-01	6.600e-01	6.800e-01
10	11	8.800e-01	9.000e-01	8.100e-01	8.800e-01	8.000e-01	8.600e-01	8.000e-01	8.000e-01	7.700e-01	7.900e-01	6.100e-01	7.100e-01
10	12	9.100e-01	8.700e-01	9.100e-01	8.700e-01	8.700e-01	8.300e-01	8.100e-01	7.700e-01	8.000e-01	7.700e-01	6.700e-01	6.800e-01
10	13	9.200e-01	8.800e-01	8.700e-01	8.600e-01	8.000e-01	8.200e-01	8.000e-01	8.200e-01	7.900e-01	7.900e-01	6.800e-01	6.800e-01
10	14	8.800e-01	9.100e-01	8.400e-01	8.700e-01	8.200e-01	8.600e-01	8.200e-01	7.800e-01	8.000e-01	7.700e-01	7.100e-01	6.700e-01
10	15	9.000e-01	9.300e-01	8.900e-01	9.000e-01	8.600e-01	8.700e-01	8.600e-01	8.500e-01	8.100e-01	7.600e-01	6.800e-01	6.500e-01
10	16	8.900e-01	8.600e-01	8.800e-01	8.500e-01	8.300e-01	8.400e-01	7.700e-01	7.700e-01	7.700e-01	7.600e-01	6.800e-01	7.300e-01
10	17	9.400e-01	8.700e-01	9.300e-01	8.700e-01	8.900e-01	8.400e-01	8.700e-01	8.300e-01	8.000e-01	7.500e-01	7.200e-01	6.600e-01
10	18	8.400e-01	8.800e-01	8.400e-01	8.800e-01	8.400e-01	8.800e-01	8.000e-01	8.300e-01	7.800e-01	7.700e-01	6.900e-01	7.100e-01
10	19	9.000e-01	9.300e-01	9.000e-01	9.300e-01	8.700e-01	9.000e-01	8.100e-01	8.300e-01	7.800e-01	8.100e-01	7.000e-01	7.000e-01
10	20	8.700e-01	9.000e-01	8.600e-01	9.000e-01	8.300e-01	8.900e-01	8.200e-01	8.400e-01	7.800e-01	8.100e-01	6.900e-01	7.000e-01
11	0	8.900e-01	8.900e-01	8.900e-01	8.900e-01	8.800e-01	8.800e-01	8.400e-01	8.100e-01	8.100e-01	7.600e-01	7.200e-01	6.400e-01
11	1	9.300e-01	9.000e-01	9.000e-01	8.800e-01	8.600e-01	8.700e-01	8.600e-01	8.200e-01	8.600e-01	8.100e-01	7.000e-01	7.100e-01
11	2	9.500e-01	8.700e-01	9.300e-01	8.500e-01	9.200e-01	8.300e-01	9.200e-01	8.300e-01	8.600e-01	7.600e-01	7.700e-01	6.900e-01
11	3	8.900e-01	9.000e-01	8.400e-01	8.900e-01	8.300e-01	8.900e-01	8.300e-01	8.800e-01	8.100e-01	8.600e-01	7.500e-01	7.300e-01
11	4	9.200e-01	9.300e-01	8.900e-01	9.100e-01	8.400e-01	9.100e-01	7.800e-01	8.500e-01	7.700e-01	8.300e-01	7.200e-01	7.300e-01
11	5	9.700e-01	8.700e-01	9.700e-01	7.900e-01	9.600e-01	7.400e-01	9.600e-01	7.400e-01	8.400e-01	7.200e-01	7.200e-01	6.900e-01
11	6	9.000e-01	9.000e-01	9.000e-01	9.000e-01	8.300e-01	8.800e-01	8.100e-01	8.100e-01	7.800e-01	7.800e-01	7.000e-01	6.900e-01
11	7	8.800e-01	8.900e-01	8.700e-01	8.900e-01	8.700e-01	8.700e-01	8.700e-01	8.700e-01	8.000e-01	8.100e-01	6.500e-01	7.300e-01
11	8	9.000e-01	9.600e-01	9.000e-01	9.500e-01	8.400e-01	9.100e-01	8.000e-01	8.500e-01	7.500e-01	8.000e-01	6.600e-01	7.700e-01
11	9	8.600e-01	8.500e-01	8.600e-01	8.500e-01	8.400e-01	8.500e-01	8.400e-01	8.500e-01	7.200e-01	8.300e-01	6.400e-01	7.600e-01
11	10	8.900e-01	9.100e-01	8.900e-01	8.600e-01	8.500e-01	8.400e-01	8.500e-01	8.400e-01	7.900e-01	7.500e-01	7.100e-01	6.700e-01
11	11	9.300e-01	9.300e-01	9.000e-01	9.200e-01	8.100e-01	8.800e-01	7.500e-01	8.600e-01	7.200e-01	8.400e-01	6.800e-01	7.300e-01
11	12	8.300e-01	9.000e-01	8.300e-01	8.900e-01	7.800e-01	8.900e-01	7.700e-01	8.900e-01	7.000e-01	8.300e-01	6.400e-01	7.700e-01
11	13	9.000e-01	9.500e-01	8.900e-01	9.200e-01	8.200e-01	8.900e-01	7.800e-01	8.400e-01	7.500e-01	8.000e-01	6.200e-01	7.500e-01
11	14	9.300e-01	9.000e-01	9.000e-01	8.500e-01	8.700e-01	8.300e-01	8.500e-01	8.200e-01	7.800e-01	7.800e-01	7.100e-01	6.800e-01
11	15	9.300e-01	8.500e-01	9.100e-01	8.400e-01	8.500e-01	8.100e-01	8.500e-01	8.000e-01	8.100e-01	7.500e-01	7.000e-01	7.200e-01
11	16	9.200e-01	8.900e-01	9.200e-01	8.800e-01	8.700e-01	8.200e-01	8.200e-01	7.800e-01	7.900e-01	7.600e-01	7.000e-01	6.800e-01
11	17	8.800e-01	9.600e-01	8.300e-01	9.300e-01	7.800e-01	9.100e-01	7.800e-01	9.100e-01	7.400e-01	8.400e-01	6.600e-01	7.100e-01
11	18	9.100e-01	9.500e-01	8.900e-01	8.900e-01	8.700e-01	8.500e-01	8.300e-01	8.300e-01	7.700e-01	7.800e-01	7.000e-01	7.000e-01
11	19	9.500e-01	8.600e-01	9.300e-01	8.400e-01	9.200e-01	8.400e-01	8.600e-01	8.000e-01	8.400e-01	7.200e-01	6.800e-01	6.900e-01
11	20	8.600e-01	9.700e-01	8.400e-01	9.200e-01	8.400e-01	9.000e-01	8.100e-01	8.700e-01	7.900e-01	8.200e-01	7.100e-01	6.800e-01
12	0	9.400e-01	9.000e-01	9.200e-01	8.900e-01	8.700e-01	8.400e-01	8.700e-01	8.200e-01	8.300e-01	7.800e-01	7.500e-01	7.100e-01
12	1	9.100e-01	8.900e-01	9.100e-01	8.900e-01	8.800e-01	8.500e-01	8.500e-01	8.400e-01	7.800e-01	7.400e-01	6.900e-01	7.100e-01
12	2	8.600e-01	9.100e-01	8.500e-01	9.000e-01	7.900e-01	8.800e-01	7.800e-01	8.800e-01	7.700e-01	8.400e-01	7.100e-01	7.000e-01
12	3	8.800e-01	8.900e-01	8.800e-01	8.700e-01	8.800e-01	8.700e-01	8.800e-01	8.500e-01	8.200e-01	7.900e-01	7.000e-01	7.500e-01
12	4	8.700e-01	8.900e-01	8.500e-01	8.600e-01	8.300e-01	8.500e-01	7.700e-01	8.400e-01	7.600e-01	8.000e-01	6.600e-01	7.300e-01
12	5	9.100e-01	8.900e-01	8.500e-01	8.500e-01	8.500e-01	8.500e-01	7.800e-01	7.900e-01	7.800e-01	7.700e-01	7.000e-01	7.400e-01
12	6	8.800e-01	9.000e-01	8.800e-01	8.600e-01	8.600e-01	8.100e-01	7.800e-01	8.000e-01	7.600e-01	7.800e-01	7.100e-01	7.000e-01
12	7	9.200e-01	9.500e-01	9.000e-01	9.100e-01	8.600e-01	8.700e-01	8.100e-01	8.400e-01	7.900e-01	8.200e-01	6.600e-01	7.600e-01
12	8	9.400e-01	9.000e-01	8.900e-01	8.900e-01	8.900e-01	8.800e-01	8.800e-01	8.500e-01	8.300e-01	7.900e-01	7.000e-01	6.800e-01
12	9	8.900e-01	9.100e-01	8.800e-01	8.900e-01	8.400e-01	8.900e-01	8.400e-01	8.800e-01	7.600e-01	7.800e-01	6.200e-01	7.300e-01
12	10	8.900e-01	8.700e-01	8.900e-01	8.500e-01	8.800e-01	8.300e-01	8.800e-01	8.300e-01	7.400e-01	7.900e-01	6.800e-01	7.400e-01
12	11	8.900e-01	8.900e-01	8.900e-01	8.800e-01	8.700e-01	8.800e-01	7.800e-01	8.500e-01	7.300e-01	8.500e-01	6.200e-01	7.500e-01
12	12	9.300e-01	9.400e-01	8.800e-01	8.900e-01	8.200e-01	8.600e-01	8.000e-01	8.500e-01	7.400e-01	8.000e-01	6.200e-01	7.500e-01
12	13	9.200e-01	9.200e-01	8.100e-01	9.100e-01	8.100e-01	9.100e-01	7.600e-01	8.900e-01	7.400e-01	8.700e-01	6.400e-01	7.800e-01
12	14	8.700e-01	9.300e-01	8.300e-01	9.300e-01	8.200e-01	8.800e-01	8.100e-01	8.300e-01	8.100e-01	7.900e-01	7.500e-01	6.900e-01
12	15	8.800e-01	8.700e-01	8.700e-01	8.400e-01	8.500e-01	7.900e-01	8.500e-01	7.800e-01	8.100e-01	7.400e-01	6.500e-01	7.100e-01
12	16	9.100e-01	8.800e-01	8.700e-01	8.200e-01	8.700e-01	8.100e-01	8.500e-01	8.100e-01	8.300e-01	7.600e-01	7.000e-01	6.800e-01
12	17	9.100e-01	9.000e-01	9.100e-01	8.900e-01	8.100e-01	8.400e-01	8.100e-01	8.400e-01	8.100e-01	8.300e-01	7.300e-01	6.300e-01
12	18	8.900e-01	9.100e-01	8.900e-01	9.100e-01	8.900e-01	8.600e-01	8.300e-01	8.200e-01	8.100e-01	7.800e-01	6.900e-01	7.300e-01
12	19	8.900e-01	8.700e-01	8.700e-01	8.600e-01	8.600e-01	8.500e-01	8.300e-01	8.400e-01	7.900e-01	8.000e-01	6.900e-01	7.100e-01
12	20	8.800e-01	8.600e-01	8.800e-01	8.600e-01	8.300e-01	8.400e-01	8.200e-01	8.300e-01	8.000e-01	7.900e-01	7.200e-01	6.900e-01
13	0	9.000e-01	8.900e-01	8.900e-01	8.700e-01	8.400e-01	8.600e-01	8.400e-01	8.500e-01	7.500e-01	7.700e-01	6.800e-01	7.200e-01
13	1	9.000e-01	9.100e-01	8.800e-01	8.600e-01	8.500e-01	8.500e-01	8.400e-01	8.500e-01	8.000e-01	7.800e-01	7.400e-01	6.900e-01
13	2	9.100e-01	8.900e-01	8.800e-01	8.800e-01	8.500e-01	8.600e-01	8.300e-01	8.600e-01	8.100e-01	8.100e-01	6.600e-01	7.300e-01
13	3	9.200e-01	9.100e-01	8.900e-01	8.500e-01	8.900e-01	8.400e-01	8.300e-01	8.400e-01	8.000e-01	7.900e-01	6.800e-01	7.100e-01
13	4	8.500e-01	8.800e-01	8.500e-01	8.800e-01	7.700e-01	8.500e-01	7.600e-01	8.500e-01	7.400e-01	8.100e-01	6.500e-01	7.600e-01
13	5	8.600e-01	9.000e-01	8.400e-01	9.000e-01	7.800e-01	8.600e-01	7.300e-01	8.500e-01	7.200e-01	8.500e-01	6.400e-01	7.300e-01
13	6	8.900e-01	9.000e-01	8.900e-01	9.000e-01	8.400e-01	8.600e-01	8.400e-01	8.500e-01	7.800e-01	8.100e-01	6.800e-01	7.200e-01
13	7	9.500e-01	8.800e-01	9.100e-01	8.700e-01	8.400e-01	8.400e-01	8.300e-01	8.300e-01	8.000e-01	7.600e-01	7.500e-01	6.900e-01
13	8	8.800e-01	9.000e-01	8.400e-01	8.900e-01	8.400e-01	8.900e-01	8.100e-01	8.900e-01	7.400e-01	8.300e-01	6.800e-01	7.000e-01
13	9	9.000e-01	8.700e-01	8.600e-01	8.400e-01	8.600e-01	8.100e-01	8.300e-01	8.000e-01	8.000e-01	7.200e-01	6.800e-01	6.700e-01
13	10	9.200e-01	9.000e-01	8.700e-01	8.700e-01	8.600e-01	8.700e-01	8.500e-01	8.700e-01	7.800e-01	7.900e-01	6.600e-01	7.000e-01
13	11	9.100e-01	8.800e-01	9.000e-01	8.700e-01	8.600e-01	8.300e-01	8.400e-01	8.300e-01	7.700e-01	8.000e-01	6.500e-01	7.200e-01
13	12	8.600e-01	9.100e-01	8.400e-01	8.600e-01	8.300e-01	8.500e-01	8.000e-01	8.300e-01	7.700e-01	7.900e-01	6.500e-01	6.900e-01
13	13	9.000e-01	9.100e-01	8.800e-01	9.000e-01	8.700e-01	8.900e-01	8.200e-01	8.700e-01	8.000e-01	8.100e-01	7.300e-01	6.800e-01
13	14	9.400e-01	9.000e-01	8.900e-01	8.800e-01	8.700e-01	8.400e-01	8.500e-01	8.200e-01	7.500e-01	7.800e-01	6.800e-01	7.200e-01
13	15	8.900e-01	9.100e-01	8.700e-01	8.700e-01	8.300e-01	8.400e-01	8.200e-01	8.400e-01	7.500e-01	8.200e-01	6.800e-01	7.500e-01
13	16	8.800e-01	9.200e-01	8.800e-01	9.200e-01	8.800e-01	8.700e-01	8.500e-01	8.300e-01	8.200e-01	7.700e-01	7.400e-01	6.600e-01
13	17	9.000e-01	9.100e-01	8.900e-01	8.800e-01	8.300e-01	8.200e-01	8.300e-01	8.200e-01	8.200e-01	8.000e-01	6.800e-01	7.000e-01
13	18	9.300e-01	8.600e-01	9.200e-01	8.500e-01	9.200e-01	8.500e-01	8.700e-01	7.900e-01	8.200e-01	7.600e-01	7.100e-01	7.300e-01
13	19	9.200e-01	9.200e-01	9.200e-01	9.200e-01	8.900e-01	9.100e-01	8.700e-01	9.100e-01	8.000e-01	7.900e-01	7.300e-01	6.900e-01
13	20	9.600e-01	9.400e-01	9.100e-01	8.800e-01	8.000e-01	8.600e-01	8.000e-01	8.400e-01	7.800e-01	8.000e-01	6.600e-01	7.200e-01
14	0	9.100e-01	8.900e-01	9.100e-01	8.400e-01	8.300e-01	8.300e-01	8.200e-01	8.100e-01	7.900e-01	8.100e-01	6.900e-01	7.100e-01
14	1	8.900e-01	9.100e-01	8.500e-01	8.800e-01	8.200e-01	8.700e-01	8.100e-01	8.500e-01	7.700e-01	8.200e-01	7.400e-01	7.100e-01
14	2	9.300e-01	9.200e-01	8.900e-01	9.000e-01	8.600e-01	8.500e-01	8.600e-01	8.400e-01	7.900e-01	7.900e-01	6.500e-01	7.400e-01
14	3	8.800e-01	9.200e-01	8.700e-01	9.000e-01	8.200e-01	8.600e-01	8.100e-01	8.600e-01	7.800e-01	8.400e-01	7.000e-01	7.100e-01
14	4	9.200e-01	9.100e-01	8.500e-01	8.800e-01	7.800e-01	8.800e-01	7.400e-01	8.600e-01	7.400e-01	8.500e-01	6.900e-01	7.400e-01
14	5	8.700e-01	8.100e-01	8.700e-01	8.100e-01	8.600e-01	8.100e-01	8.600e-01	8.000e-01	7.500e-01	7.900e-01	6.800e-01	7.600e-01
14	6	8.500e-01	9.800e-01	8.300e-01	9.300e-01	8.100e-01	9.200e-01	7.600e-01	9.100e-01	7.200e-01	8.500e-01	6.700e-01	7.700e-01
14	7	8.800e-01	9.400e-01	8.700e-01	9.100e-01	8.400e-01	8.700e-01	8.300e-01	8.700e-01	8.000e-01	7.700e-01	7.700e-01	6.800e-01
14	8	8.900e-01	9.300e-01	8.700e-01	8.700e-01	8.500e-01	8.300e-01	8.300e-01	7.900e-01	8.000e-01	7.400e-01	7.200e-01	6.700e-01
14	9	8.700e-01	9.200e-01	8.300e-01	8.600e-01	8.200e-01	8.600e-01	7.900e-01	8.600e-01	7.900e-01	8.500e-01	7.100e-01	7.300e-01
14	10	9.100e-01	9.200e-01	8.800e-01	8.800e-01	8.600e-01	8.300e-01	8.200e-01	8.000e-01	8.100e-01	7.700e-01	6.900e-01	6.900e-01
14	11	8.600e-01	8.500e-01	8.600e-01	8.500e-01	8.600e-01	8.500e-01	8.600e-01	8.500e-01	8.000e-01	7.800e-01	7.000e-01	7.100e-01
14	12	9.000e-01	9.200e-01	8.900e-01	8.600e-01	8.600e-01	8.500e-01	7.900e-01	8.300e-01	7.800e-01	8.200e-01	6.300e-01	7.400e-01
14	13	9.300e-01	9.100e-01	9.100e-01	8.400e-01	9.100e-01	8.200e-01	8.100e-01	8.100e-01	7.700e-01	7.700e-01	6.000e-01	7.300e-01
14	14	9.100e-01	9.100e-01	8.600e-01	8.900e-01	8.600e-01	8.900e-01	8.500e-01	8.000e-01	7.400e-01	8.000e-01	6.300e-01	7.600e-01
14	15	8.600e-01	8.800e-01	8.400e-01	8.600e-01	8.300e-01	8.500e-01	8.100e-01	8.000e-01	7.900e-01	7.900e-01	6.900e-01	7.600e-01
14	16	8.700e-01	9.000e-01	8.500e-01	9.000e-01	8.100e-01	8.300e-01	7.900e-01	8.300e-01	7.000e-01	8.000e-01	6.000e-01	7.900e-01
14	17	9.500e-01	8.700e-01	9.300e-01	8.200e-01	9.300e-01	8.100e-01	9.100e-01	8.100e-01	8.300e-01	7.700e-01	6.700e-01	6.900e-01
14	18	8.800e-01	9.400e-01	8.600e-01	9.200e-01	8.500e-01	9.200e-01	8.500e-01	8.800e-01	7.300e-01	8.500e-01	6.600e-01	7.100e-01
14	19	9.300e-01	9.300e-01	8.500e-01	9.000e-01	7.600e-01	8.900e-01	7.200e-01	8.800e-01	7.200e-01	8.800e-01	6.600e-01	7.600e-01
14	20	8.900e-01	9.100e-01	8.600e-01	8.900e-01	8.100e-01	8.800e-01	8.100e-01	8.600e-01	7.300e-01	7.800e-01	6.500e-01	7.300e-01
15	0	8.800e-01	8.800e-01	8.600e-01	8.700e-01	8.400e-01	8.600e-01	8.100e-01	8.500e-01	7.500e-01	8.100e-01	7.100e-01	7.200e-01
15	1	8.700e-01	8.000e-01	8.700e-01	8.000e-01	8.500e-01	8.000e-01	8.400e-01	7.900e-01	7.800e-01	7.600e-01	6.800e-01	7.300e-01
15	2	9.000e-01	9.200e-01	8.400e-01	9.100e-01	8.400e-01	9.000e-01	7.700e-01	8.900e-01	7.300e-01	8.000e-01	6.600e-01	7.400e-01
15	3	8.900e-01	9.200e-01	8.900e-01	9.200e-01	8.100e-01	8.900e-01	8.100e-01	8.500e-01	7.700e-01	8.100e-01	7.100e-01	7.100e-01
15	4	9.000e-01	9.100e-01	9.000e-01	9.100e-01	8.500e-01	8.700e-01	8.500e-01	8.700e-01	8.200e-01	8.400e-01	6.600e-01	7.600e-01
15	5	9.200e-01	8.600e-01	9.100e-01	8.500e-01	8.200e-01	8.400e-01	8.200e-01	7.900e-01	7.800e-01	7.800e-01	6.500e-01	7.700e-01
15	6	9.000e-01	9.000e-01	8.900e-01	8.400e-01	8.800e-01	8.300e-01	8.600e-01	7.400e-01	8.300e-01	7.300e-01	7.600e-01	6.800e-01
15	7	9.300e-01	9.100e-01	8.300e-01	8.800e-01	8.200e-01	8.600e-01	8.200e-01	8.600e-01	7.200e-01	8.400e-01	6.600e-01	7.500e-01
15	8	9.100e-01	9.100e-01	8.600e-01	9.100e-01	8.500e-01	9.000e-01	8.300e-01	8.600e-01	7.800e-01	7.200e-01	7.000e-01	6.700e-01
15	9	9.400e-01	9.000e-01	8.500e-01	8.600e-01	8.500e-01	8.100e-01	8.400e-01	8.000e-01	8.100e-01	7.600e-01	6.900e-01	6.600e-01
15	10	9.000e-01	8.800e-01	8.900e-01	8.800e-01	8.900e-01	8.800e-01	8.400e-01	8.800e-01	8.400e-01	8.300e-01	7.400e-01	6.800e-01
15	11	8.900e-01	8.800e-01	8.800e-01	8.700e-01	8.400e-01	8.300e-01	8.100e-01	8.100e-01	8.000e-01	7.800e-01	7.000e-01	7.300e-01
15	12	8.900e-01	9.400e-01	8.500e-01	8.500e-01	8.400e-01	8.300e-01	8.300e-01	8.000e-01	7.900e-01	8.000e-01	6.700e-01	7.400e-01
15	13	8.700e-01	8.700e-01	8.700e-01	8.600e-01	8.700e-01	8.600e-01	8.600e-01	8.500e-01	8.100e-01	8.100e-01	6.200e-01	7.200e-01
15	14	9.200e-01	9.300e-01	8.700e-01	9.000e-01	8.500e-01	9.000e-01	8.400e-01	8.600e-01	7.800e-01	7.900e-01	5.900e-01	7.400e-01
15	15	9.500e-01	9.300e-01	8.900e-01	9.200e-01	8.600e-01	8.300e-01	8.500e-01	8.200e-01	7.500e-01	7.800e-01	6.900e-01	7.400e-01
15	16	9.100e-01	8.800e-01	8.800e-01	8.400e-01	8.500e-01	8.300e-01	7.900e-01	8.100e-01	7.900e-01	7.700e-01	7.600e-01	6.300e-01
15	17	9.300e-01	9.500e-01	8.800e-01	8.700e-01	8.100e-01	8.600e-01	8.100e-01	8.500e-01	7.800e-01	8.400e-01	6.600e-01	6.900e-01
15	18	8.700e-01	9.500e-01	8.100e-01	9.100e-01	8.100e-01	9.100e-01	7.900e-01	8.800e-01	7.200e-01	8.600e-01	6.700e-01	7.700e-01
15	19	9.000e-01	8.500e-01	9.000e-01	8.500e-01	9.000e-01	8.400e-01	8.900e-01	8.400e-01	7.700e-01	8.000e-01	7.500e-01	7.300e-01
15	20	9.700e-01	9.600e-01	9.300e-01	8.900e-01	9.200e-01	8.800e-01	8.800e-01	8.600e-01	7.800e-01	8.300e-01	7.200e-01	7.600e-01
16	0	8.600e-01	9.400e-01	8.600e-01	8.600e-01	8.100e-01	8.600e-01	7.700e-01	8.600e-01	7.700e-01	8.500e-01	6.900e-01	7.200e-01
16	1	9.100e-01	9.200e-01	9.100e-01	8.800e-01	8.900e-01	8.300e-01	8.400e-01	8.200e-01	8.100e-01	7.500e-01	7.000e-01	7.000e-01
16	2	8.800e-01	8.600e-01	8.500e-01	8.500e-01	8.300e-01	8.400e-01	8.200e-01	7.900e-01	7.600e-01	7.700e-01	6.800e-01	7.100e-01
16	3	9.200e-01	8.600e-01	9.100e-01	8.600e-01	8.800e-01	7.800e-01	8.800e-01	7.800e-01	8.300e-01	7.700e-01	7.500e-01	6.800e-01
16	4	8.900e-01	9.000e-01	8.700e-01	9.000e-01	8.200e-01	8.400e-01	8.200e-01	8.300e-01	7.800e-01	8.200e-01	7.300e-01	7.300e-01
16	5	9.600e-01	8.800e-01	9.000e-01	8.700e-01	8.300e-01	8.600e-01	8.200e-01	7.800e-01	7.900e-01	7.800e-01	7.300e-01	6.900e-01
16	6	8.500e-01	9.100e-01	8.400e-01	8.500e-01	8.200e-01	8.500e-01	8.000e-01	8.400e-01	7.700e-01	8.100e-01	6.300e-01	7.800e-01
16	7	9.100e-01	8.800e-01	9.000e-01	8.700e-01	8.800e-01	8.300e-01	8.600e-01	8.300e-01	7.800e-01	7.700e-01	6.700e-01	6.600e-01
16	8	8.400e-01	9.300e-01	8.300e-01	8.800e-01	8.200e-01	8.600e-01	8.000e-01	8.400e-01	7.700e-01	8.100e-01	6.500e-01	7.100e-01
16	9	9.000e-01	9.100e-01	9.000e-01	8.900e-01	8.500e-01	8.700e-01	8.200e-01	8.300e-01	8.000e-01	7.500e-01	6.700e-01	6.600e-01
16	10	9.400e-01	9.000e-01	8.600e-01	8.900e-01	8.600e-01	8.800e-01	7.800e-01	8.400e-01	7.800e-01	8.000e-01	7.200e-01	7.200e-01
16	11	9.000e-01	9.400e-01	8.800e-01	8.700e-01	8.300e-01	8.400e-01	8.300e-01	8.100e-01	8.000e-01	8.000e-01	7.500e-01	6.500e-01
16	12	8.500e-01	8.700e-01	8.200e-01	8.600e-01	8.200e-01	8.200e-01	8.200e-01	8.200e-01	7.700e-01	7.400e-01	7.000e-01	6.900e-01
16	13	9.100e-01	8.800e-01	8.700e-01	8.800e-01	8.700e-01	8.700e-01	8.100e-01	8.400e-01	7.600e-01	7.700e-01	6.800e-01	7.500e-01
16	14	9.000e-01	8.800e-01	9.000e-01	8.800e-01	8.900e-01	8.800e-01	8.700e-01	8.600e-01	8.300e-01	8.200e-01	6.500e-01	7.500e-01
16	15	9.700e-01	8.800e-01	9.500e-01	8.500e-01	9.500e-01	8.500e-01	9.400e-01	8.500e-01	8.500e-01	7.800e-01	7.500e-01	6.700e-01
16	16	9.100e-01	9.200e-01	8.500e-01	8.900e-01	8.500e-01	8.900e-01	8.200e-01	8.600e-01	7.900e-01	7.400e-01	7.300e-01	7.200e-01
16	17	8.500e-01	9.100e-01	8.200e-01	8.600e-01	8.200e-01	8.500e-01	8.200e-01	8.300e-01	7.400e-01	7.500e-01	7.100e-01	6.900e-01
16	18	9.200e-01	8.600e-01	9.000e-01	8.400e-01	9.000e-01	8.400e-01	8.500e-01	7.700e-01	8.000e-01	7.700e-01	7.500e-01	6.800e-01
16	19	9.100e-01	9.000e-01	9.100e-01	8.900e-01	9.100e-01	8.900e-01	8.900e-01	7.900e-01	8.400e-01	7.500e-01	7.000e-01	7.000e-01
16	20	8.500e-01	9.000e-01	8.300e-01	8.900e-01	8.200e-01	8.900e-01	8.200e-01	8.500e-01	7.500e-01	8.200e-01	6.700e-01	7.300e-01
17	0	9.200e-01	9.000e-01	8.900e-01	8.800e-01	8.300e-01	8.300e-01	8.000e-01	8.100e-01	7.800e-01	7.600e-01	7.300e-01	6.900e-01
17	1	8.900e-01	9.100e-01	8.900e-01	9.000e-01	8.700e-01	8.300e-01	8.700e-01	8.300e-01	7.900e-01	7.800e-01	7.800e-01	7.000e-01
17	2	9.300e-01	8.900e-01	8.900e-01	8.500e-01	8.800e-01	8.400e-01	8.600e-01	8.200e-01	7.800e-01	7.900e-01	7.200e-01	7.500e-01
17	3	9.100e-01	8.600e-01	8.900e-01	8.400e-01	8.900e-01	7.900e-01	8.900e-01	7.800e-01	8.800e-01	7.700e-01	7.400e-01	7.000e-01
17	4	8.400e-01	9.500e-01	8.300e-01	9.400e-01	7.700e-01	8.800e-01	7.700e-01	8.800e-01	7.700e-01	8.800e-01	7.200e-01	6.800e-01
17	5	9.100e-01	8.900e-01	8.700e-01	8.800e-01	8.300e-01	8.400e-01	8.300e-01	8.400e-01	7.900e-01	7.400e-01	7.600e-01	7.000e-01
17	6	9.000e-01	8.900e-01	8.900e-01	8.600e-01	8.600e-01	8.100e-01	8.600e-01	8.100e-01	7.600e-01	8.000e-01	6.700e-01	7.000e-01
17	7	9.300e-01	9.400e-01	8.700e-01	9.100e-01	8.200e-01	8.500e-01	8.200e-01	8.500e-01	7.400e-01	7.700e-01	6.400e-01	7.600e-01
17	8	8.800e-01	9.300e-01	8.800e-01	9.000e-01	8.200e-01	8.700e-01	7.700e-01	8.700e-01	7.700e-01	8.700e-01	6.600e-01	7.500e-01
17	9	9.000e-01	9.000e-01	9.000e-01	8.900e-01	8.800e-01	8.300e-01	8.400e-01	8.000e-01	8.000e-01	7.600e-01	6.700e-01	7.000e-01
17	10	9.000e-01	9.000e-01	8.600e-01	8.800e-01	8.000e-01	8.600e-01	8.000e-01	8.600e-01	7.500e-01	8.500e-01	7.000e-01	6.900e-01
17	11	9.300e-01	8.700e-01	8.700e-01	8.300e-01	8.500e-01	8.200e-01	8.400e-01	8.200e-01	8.200e-01	7.800e-01	6.900e-01	7.200e-01
17	12	8.800e-01	9.100e-01	8.500e-01	8.800e-01	8.100e-01	8.600e-01	8.000e-01	8.600e-01	7.700e-01	8.200e-01	7.000e-01	7.300e-01
17	13	9.300e-01	9.000e-01	8.800e-01	8.700e-01	8.800e-01	8.700e-01	8.400e-01	8.500e-01	7.500e-01	8.000e-01	6.700e-01	7.400e-01
17	14	8.600e-01	9.600e-01	8.500e-01	9.600e-01	8.000e-01	9.300e-01	7.800e-01	9.200e-01	7.600e-01	9.100e-01	6.800e-01	7.000e-01
17	15	8.900e-01	8.500e-01	8.900e-01	8.200e-01	8.900e-01	8.100e-01	8.900e-01	8.100e-01	7.900e-01	7.600e-01	7.300e-01	7.300e-01
17	16	8.800e-01	9.100e-01	8.400e-01	9.000e-01	8.200e-01	8.900e-01	8.000e-01	8.000e-01	7.800e-01	7.900e-01	7.300e-01	6.900e-01
17	17	9.100e-01	9.000e-01	9.000e-01	8.900e-01	8.500e-01	8.500e-01	8.400e-01	8.100e-01	8.000e-01	7.200e-01	7.300e-01	6.500e-01
17	18	9.100e-01	8.800e-01	9.100e-01	8.100e-01	8.800e-01	7.800e-01	8.700e-01	7.800e-01	8.300e-01	7.500e-01	7.500e-01	6.400e-01
17	19	9.300e-01	9.200e-01	8.900e-01	8.400e-01	8.900e-01	8.300e-01	8.600e-01	8.300e-01	7.900e-01	7.900e-01	7.000e-01	6.900e-01
17	20	9.300e-01	9.400e-01	9.200e-01	8.400e-01	8.800e-01	8.400e-01	8.700e-01	8.200e-01	7.800e-01	7.700e-01	7.100e-01	6.600e-01
18	0	9.400e-01	8.600e-01	9.300e-01	8.600e-01	9.100e-01	7.800e-01	9.100e-01	7.800e-01	8.100e-01	7.600e-01	7.200e-01	6.800e-01
18	1	8.500e-01	9.000e-01	8.400e-01	8.300e-01	8.300e-01	8.100e-01	8.200e-01	8.100e-01	7.900e-01	7.700e-01	7.000e-01	7.200e-01
18	2	9.100e-01	8.900e-01	8.600e-01	8.800e-01	8.300e-01	8.700e-01	8.300e-01	8.600e-01	7.800e-01	8.100e-01	7.100e-01	7.400e-01
18	3	9.200e-01	9.000e-01	9.100e-01	8.900e-01	8.700e-01	8.100e-01	8.700e-01	8.100e-01	8.000e-01	7.800e-01	7.000e-01	7.200e-01
18	4	8.600e-01	9.300e-01	8.200e-01	9.000e-01	7.800e-01	9.000e-01	7.600e-01	9.000e-01	7.400e-01	8.800e-01	6.600e-01	7.900e-01
18	5	8.900e-01	9.000e-01	8.600e-01	8.600e-01	8.000e-01	8.400e-01	8.000e-01	8.400e-01	8.000e-01	8.300e-01	6.900e-01	7.100e-01
18	6	9.300e-01	9.000e-01	9.100e-01	8.600e-01	9.100e-01	8.500e-01	8.300e-01	8.100e-01	8.300e-01	7.600e-01	6.700e-01	7.100e-01
18	7	8.700e-01	9.500e-01	8.600e-01	9.400e-01	8.000e-01	8.700e-01	8.000e-01	8.700e-01	7.200e-01	8.300e-01	6.500e-01	7.600e-01
18	8	8.800e-01	8.800e-01	8.200e-01	8.500e-01	8.100e-01	8.500e-01	8.100e-01	8.400e-01	7.800e-01	7.800e-01	6.600e-01	6.900e-01
18	9	9.000e-01	9.000e-01	8.800e-01	8.900e-01	8.200e-01	8.400e-01	8.100e-01	8.200e-01	7.700e-01	7.700e-01	7.100e-01	6.700e-01
18	10	9.000e-01	8.500e-01	9.000e-01	8.500e-01	8.700e-01	8.300e-01	8.600e-01	8.300e-01	8.200e-01	7.700e-01	6.800e-01	6.600e-01
18	11	9.300e-01	9.100e-01	8.800e-01	8.800e-01	8.300e-01	8.700e-01	7.900e-01	8.700e-01	7.800e-01	8.100e-01	7.500e-01	7.000e-01
18	12	8.600e-01	8.900e-01	8.100e-01	8.600e-01	8.100e-01	8.600e-01	8.000e-01	8.600e-01	7.200e-01	8.100e-01	7.000e-01	7.400e-01
18	13	9.100e-01	8.900e-01	9.100e-01	8.900e-01	8.900e-01	8.900e-01	7.800e-01	8.600e-01	7.500e-01	8.200e-01	7.300e-01	7.400e-01
18	14	9.100e-01	9.000e-01	9.000e-01	9.000e-01	8.700e-01	8.600e-01	8.500e-01	8.200e-01	8.200e-01	7.900e-01	6.800e-01	7.500e-01
18	15	9.200e-01	8.900e-01	8.800e-01	8.500e-01	8.600e-01	8.500e-01	8.400e-01	8.300e-01	7.800e-01	8.000e-01	6.600e-01	7.700e-01
18	16	8.600e-01	8.800e-01	8.400e-01	8.700e-01	8.300e-01	8.700e-01	8.200e-01	8.700e-01	8.100e-01	8.000e-01	7.000e-01	7.300e-01
18	17	8.800e-01	9.300e-01	8.800e-01	9.300e-01	8.400e-01	8.800e-01	8.300e-01	8.500e-01	7.300e-01	7.800e-01	6.800e-01	6.800e-01
18	18	9.000e-01	9.500e-01	8.800e-01	9.300e-01	8.400e-01	8.800e-01	8.200e-01	8.600e-01	8.200e-01	7.300e-01	7.100e-01	6.600e-01
18	19	9.300e-01	8.400e-01	9.200e-01	8.400e-01	9.100e-01	8.200e-01	9.100e-01	8.200e-01	8.300e-01	8.000e-01	6.800e-01	7.100e-01
18	20	8.900e-01	8.800e-01	8.600e-01	8.600e-01	8.300e-01	8.600e-01	7.900e-01	8.100e-01	7.700e-01	8.000e-01	7.100e-01	6.700e-01
19	0	8.800e-01	8.500e-01	8.700e-01	8.500e-01	8.700e-01	8.500e-01	8.600e-01	8.300e-01	7.700e-01	7.700e-01	6.900e-01	7.100e-01
19	1	8.600e-01	8.800e-01	8.100e-01	8.600e-01	8.000e-01	8.600e-01	7.900e-01	8.000e-01	7.800e-01	8.000e-01	7.200e-01	6.500e-01
19	2	9.200e-01	9.600e-01	8.400e-01	8.700e-01	8.200e-01	8.300e-01	7.900e-01	8.300e-01	7.800e-01	8.100e-01	6.500e-01	7.200e-01
19	3	8.600e-01	9.100e-01	8.400e-01	9.000e-01	8.200e-01	8.900e-01	8.000e-01	8.600e-01	7.700e-01	8.000e-01	7.000e-01	7.100e-01
19	4	9.100e-01	8.700e-01	9.000e-01	8.600e-01	9.000e-01	8.400e-01	8.100e-01	8.400e-01	7.700e-01	8.000e-01	7.000e-01	7.400e-01
19	5	8.300e-01	9.400e-01	7.900e-01	9.100e-01	7.900e-01	9.000e-01	7.800e-01	9.000e-01	7.400e-01	8.900e-01	6.900e-01	7.100e-01
19	6	9.100e-01	8.900e-01	9.100e-01	8.900e-01	8.200e-01	8.500e-01	7.900e-01	8.500e-01	7.900e-01	8.300e-01	6.800e-01	6.600e-01
19	7	9.400e-01	8.900e-01	8.700e-01	8.900e-01	8.700e-01	8.900e-01	8.600e-01	8.300e-01	8.100e-01	7.700e-01	7.000e-01	7.200e-01
19	8	9.400e-01	9.000e-01	9.000e-01	8.700e-01	8.600e-01	8.300e-01	8.500e-01	8.100e-01	8.000e-01	7.500e-01	6.700e-01	7.200e-01
19	9	8.800e-01	9.300e-01	8.800e-01	8.300e-01	8.700e-01	8.300e-01	8.200e-01	8.200e-01	7.800e-01	8.000e-01	6.600e-01	7.100e-01
19	10	8.900e-01	9.200e-01	8.600e-01	8.700e-01	8.600e-01	8.700e-01	8.400e-01	8.700e-01	8.200e-01	7.900e-01	6.800e-01	6.500e-01
19	11	9.100e-01	9.300e-01	8.900e-01	8.800e-01	8.800e-01	8.300e-01	8.400e-01	8.000e-01	8.200e-01	8.000e-01	7.100e-01	6.600e-01
19	12	9.000e-01	9.500e-01	8.600e-01	9.200e-01	8.200e-01	8.800e-01	8.200e-01	8.500e-01	8.000e-01	7.900e-01	7.500e-01	7.600e-01
19	13	8.900e-01	9.300e-01	8.700e-01	8.800e-01	8.400e-01	8.700e-01	8.000e-01	8.400e-01	7.300e-01	8.000e-01	7.000e-01	7.400e-01
19	14	9.500e-01	8.700e-01	8.800e-01	8.500e-01	8.500e-01	8.000e-01	7.400e-01	8.000e-01	7.400e-01	7.900e-01	7.000e-01	7.100e-01
19	15	9.000e-01	9.400e-01	9.000e-01	9.400e-01	8.600e-01	8.700e-01	8.500e-01	8.600e-01	7.600e-01	7.900e-01	7.000e-01	6.900e-01
19	16	8.900e-01	8.500e-01	8.900e-01	8.500e-01	8.900e-01	8.500e-01	8.600e-01	8.300e-01	7.200e-01	7.600e-01	6.700e-01	6.900e-01
19	17	9.300e-01	8.000e-01	9.300e-01	8.000e-01	9.300e-01	7.800e-01	8.800e-01	7.500e-01	8.500e-01	7.300e-01	6.700e-01	6.500e-01
19	18	9.300e-01	8.600e-01	9.300e-01	7.900e-01	9.300e-01	7.900e-01	8.700e-01	7.600e-01	8.300e-01	7.300e-01	7.100e-01	6.700e-01
19	19	8.700e-01	9.200e-01	8.200e-01	8.900e-01	8.000e-01	8.900e-01	7.800e-01	8.500e-01	7.200e-01	8.400e-01	6.900e-01	6.700e-01
19	20	9.200e-01	8.700e-01	9.100e-01	8.200e-01	9.100e-01	8.000e-01	8.600e-01	7.600e-01	8.100e-01	7.200e-01	6.900e-01	6.700e-01
20	0	8.600e-01	8.900e-01	8.500e-01	8.900e-01	8.300e-01	8.200e-01	8.200e-01	7.900e-01	8.200e-01	7.900e-01	6.800e-01	6.900e-01
20	1	9.300e-01	9.200e-01	8.700e-01	8.900e-01	7.900e-01	8.400e-01	7.900e-01	8.400e-01	7.800e-01	8.200e-01	7.000e-01	7.400e-01
20	2	8.700e-01	9.200e-01	8.300e-01	8.600e-01	8.200e-01	8.400e-01	8.100e-01	8.300e-01	7.700e-01	8.000e-01	7.100e-01	6.400e-01
20	3	9.000e-01	9.400e-01	7.900e-01	8.800e-01	7.900e-01	8.800e-01	7.700e-01	8.500e-01	7.400e-01	8.100e-01	6.400e-01	7.100e-01
20	4	9.000e-01	9.100e-01	8.900e-01	9.100e-01	8.500e-01	9.100e-01	8.100e-01	8.600e-01	8.000e-01	8.500e-01	6.500e-01	7.300e-01
20	5	8.300e-01	9.400e-01	8.100e-01	9.400e-01	8.000e-01	9.400e-01	7.600e-01	9.300e-01	7.000e-01	8.500e-01	6.300e-01	7.600e-01
20	6	8.800e-01	9.200e-01	8.300e-01	9.000e-01	8.300e-01	9.000e-01	8.200e-01	8.800e-01	7.400e-01	8.200e-01	6.800e-01	7.100e-01
20	7	9.300e-01	9.200e-01	9.300e-01	9.100e-01	8.700e-01	9.000e-01	8.400e-01	8.800e-01	7.300e-01	8.300e-01	6.800e-01	6.700e-01
20	8	8.800e-01	9.100e-01	8.400e-01	8.700e-01	8.000e-01	8.500e-01	8.000e-01	8.500e-01	7.800e-01	7.800e-01	7.000e-01	6.700e-01
20	9	8.700e-01	9.000e-01	8.300e-01	8.900e-01	8.300e-01	8.600e-01	8.200e-01	8.400e-01	7.700e-01	8.200e-01	6.800e-01	7.000e-01
20	10	9.000e-01	8.800e-01	8.900e-01	8.700e-01	8.600e-01	8.500e-01	8.600e-01	8.500e-01	7.900e-01	8.000e-01	7.200e-01	6.900e-01
20	11	9.000e-01	8.700e-01	8.600e-01	8.600e-01	8.500e-01	8.600e-01	8.500e-01	8.600e-01	8.300e-01	7.800e-01	7.000e-01	6.800e-01
20	12	9.600e-01	8.900e-01	9.500e-01	8.600e-01	9.100e-01	8.100e-01	8.500e-01	7.900e-01	8.000e-01	7.700e-01	6.600e-01	6.800e-01
20	13	8.700e-01	9.000e-01	8.500e-01	8.500e-01	8.200e-01	8.300e-01	8.200e-01	8.100e-01	7.600e-01	7.900e-01	6.600e-01	7.000e-01
20	14	9.300e-01	8.400e-01	9.200e-01	8.200e-01	8.700e-01	8.200e-01	8.300e-01	8.100e-01	7.400e-01	8.000e-01	6.800e-01	7.100e-01
20	15	8.900e-01	9.400e-01	8.700e-01	8.700e-01	7.700e-01	8.500e-01	7.700e-01	8.500e-01	7.200e-01	8.400e-01	6.700e-01	7.600e-01
20	16	8.900e-01	8.900e-01	8.500e-01	8.800e-01	8.400e-01	8.600e-01	8.400e-01	8.500e-01	7.300e-01	8.200e-01	6.700e-01	7.500e-01
20	17	9.200e-01	8.800e-01	9.100e-01	8.800e-01	8.700e-01	8.700e-01	8.600e-01	7.900e-01	8.100e-01	7.400e-01	6.700e-01	6.400e-01
20	18	8.900e-01	9.100e-01	8.700e-01	9.100e-01	8.400e-01	9.000e-01	8.100e-01	8.400e-01	7.900e-01	8.300e-01	6.800e-01	7.100e-01
20	19	8.700e-01	9.500e-01	8.400e-01	9.500e-01	8.200e-01	9.200e-01	7.800e-01	9.200e-01	7.400e-01	8.800e-01	6.000e-01	7.300e-01
20	20	9.000e-01	8.400e-01	9.000e-01	8.300e-01	9.000e-01	8.300e-01	8.500e-01	8.300e-01	8.400e-01	8.100e-01	6.500e-01	6.800e-01
