x	y	0.fitness.0.	0.fitness.1.	5000.fitness.0.	5000.fitness.1.	10000.fitness.0.	10000.fitness.1.	15000.fitness.0.	15000.fitness.1.	25000.fitness.0.	25000.fitness.1.	50000.fitness.0.	50000.fitness.1.
0	0	6.162e+00	6.016e+00	5.408e+00	5.236e+00	5.226e+00	5.124e+00	4.394e+00	3.231e+00	4.394e+00	3.231e+00	3.849e+00	3.081e+00
0	1	7.660e+00	6.732e+00	5.465e+00	5.094e+00	5.050e+00	4.857e+00	4.804e+00	4.688e+00	4.615e+00	3.515e+00	3.860e+00	2.791e+00
0	2	6.918e+00	5.269e+00	5.240e+00	4.335e+00	4.886e+00	4.202e+00	4.886e+00	4.202e+00	4.311e+00	3.338e+00	3.680e+00	2.860e+00
0	3	6.462e+00	6.314e+00	6.362e+00	6.023e+00	5.049e+00	5.662e+00	4.698e+00	3.283e+00	4.394e+00	2.960e+00	3.976e+00	2.791e+00
0	4	5.895e+00	4.894e+00	5.808e+00	4.696e+00	5.585e+00	4.583e+00	4.551e+00	4.475e+00	4.352e+00	4.396e+00	3.187e+00	3.703e+00
0	5	5.992e+00	6.411e+00	4.526e+00	5.079e+00	4.526e+00	5.079e+00	4.058e+00	4.794e+00	3.263e+00	4.141e+00	2.992e+00	4.074e+00
0	6	7.301e+00	6.044e+00	5.438e+00	5.192e+00	4.389e+00	3.814e+00	4.324e+00	3.811e+00	3.931e+00	3.373e+00	3.396e+00	3.044e+00
0	7	5.887e+00	5.927e+00	4.718e+00	4.853e+00	4.325e+00	4.388e+00	4.325e+00	4.388e+00	3.242e+00	4.234e+00	3.242e+00	4.234e+00
0	8	7.015e+00	6.778e+00	6.782e+00	6.110e+00	4.346e+00	4.477e+00	4.346e+00	4.477e+00	3.965e+00	4.389e+00	3.371e+00	3.593e+00
0	9	7.523e+00	6.682e+00	6.579e+00	4.730e+00	5.908e+00	4.489e+00	4.989e+00	4.241e+00	4.323e+00	3.860e+00	3.894e+00	2.477e+00
0	10	7.336e+00	6.261e+00	6.552e+00	5.248e+00	5.967e+00	5.161e+00	5.967e+00	5.161e+00	4.530e+00	3.906e+00	3.514e+00	2.762e+00
0	11	6.586e+00	6.269e+00	5.589e+00	5.470e+00	4.266e+00	4.669e+00	4.213e+00	4.629e+00	3.555e+00	3.917e+00	2.616e+00	3.067e+00
0	12	6.861e+00	5.132e+00	6.161e+00	5.010e+00	5.506e+00	4.570e+00	5.506e+00	4.570e+00	4.059e+00	3.630e+00	3.290e+00	3.274e+00
0	13	6.772e+00	6.355e+00	5.369e+00	5.389e+00	5.369e+00	5.389e+00	4.022e+00	4.401e+00	3.985e+00	4.093e+00	2.977e+00	3.966e+00
0	14	5.716e+00	5.731e+00	5.716e+00	5.731e+00	4.512e+00	4.390e+00	4.243e+00	4.212e+00	3.712e+00	3.997e+00	3.127e+00	3.487e+00
0	15	5.703e+00	5.090e+00	5.244e+00	4.825e+00	4.700e+00	4.118e+00	4.700e+00	4.118e+00	3.967e+00	3.929e+00	3.327e+00	3.096e+00
0	16	7.161e+00	6.226e+00	5.520e+00	4.319e+00	5.473e+00	4.238e+00	5.473e+00	4.238e+00	4.277e+00	2.872e+00	3.648e+00	2.637e+00
0	17	5.944e+00	6.291e+00	5.937e+00	6.274e+00	5.565e+00	5.748e+00	3.407e+00	3.417e+00	3.407e+00	3.417e+00	3.166e+00	3.212e+00
0	18	7.436e+00	5.950e+00	6.212e+00	5.112e+00	5.757e+00	4.534e+00	3.870e+00	3.183e+00	3.737e+00	2.881e+00	3.669e+00	2.542e+00
0	19	6.023e+00	5.184e+00	5.242e+00	4.948e+00	5.242e+00	4.948e+00	4.227e+00	3.950e+00	3.766e+00	3.597e+00	3.560e+00	3.274e+00
0	20	6.285e+00	6.045e+00	5.275e+00	4.947e+00	4.441e+00	3.395e+00	4.441e+00	3.395e+00	4.437e+00	3.233e+00	4.182e+00	2.909e+00
1	0	6.729e+00	6.309e+00	5.228e+00	4.925e+00	4.577e+00	4.383e+00	3.946e+00	4.228e+00	3.684e+00	4.210e+00	3.221e+00	3.270e+00
1	1	7.707e+00	7.123e+00	5.229e+00	4.998e+00	5.229e+00	4.998e+00	4.837e+00	4.799e+00	3.752e+00	3.995e+00	3.630e+00	3.191e+00
1	2	6.072e+00	4.936e+00	6.012e+00	4.675e+00	5.454e+00	3.918e+00	5.454e+00	3.918e+00	4.499e+00	2.646e+00	4.499e+00	2.646e+00
1	3	6.227e+00	5.862e+00	5.591e+00	5.844e+00	4.742e+00	3.914e+00	4.721e+00	3.871e+00	3.601e+00	3.178e+00	2.998e+00	3.176e+00
1	4	6.776e+00	5.254e+00	6.776e+00	5.254e+00	6.141e+00	4.704e+00	5.319e+00	4.620e+00	3.794e+00	3.439e+00	3.722e+00	2.913e+00
1	5	4.883e+00	4.739e+00	4.883e+00	4.739e+00	4.883e+00	4.739e+00	4.883e+00	4.739e+00	3.891e+00	3.659e+00	3.003e+00	3.454e+00
1	6	5.901e+00	5.202e+00	5.493e+00	4.855e+00	4.481e+00	4.849e+00	4.402e+00	4.516e+00	4.125e+00	4.106e+00	3.659e+00	3.069e+00
1	7	5.380e+00	5.158e+00	5.296e+00	5.023e+00	4.862e+00	4.598e+00	4.862e+00	4.598e+00	4.597e+00	3.806e+00	3.723e+00	3.130e+00
1	8	7.635e+00	6.552e+00	6.087e+00	5.351e+00	5.329e+00	4.361e+00	5.246e+00	4.289e+00	4.170e+00	3.589e+00	3.263e+00	3.227e+00
1	9	6.759e+00	5.021e+00	6.573e+00	4.880e+00	5.910e+00	4.769e+00	5.910e+00	4.769e+00	4.212e+00	3.411e+00	3.936e+00	2.982e+00
1	10	6.416e+00	6.079e+00	4.546e+00	4.833e+00	4.546e+00	4.833e+00	4.379e+00	4.693e+00	2.994e+00	3.686e+00	2.697e+00	3.548e+00
1	11	6.102e+00	6.082e+00	6.084e+00	5.649e+00	5.090e+00	4.897e+00	5.064e+00	4.531e+00	3.855e+00	3.535e+00	3.473e+00	2.851e+00
1	12	7.302e+00	7.073e+00	6.659e+00	6.157e+00	5.707e+00	5.144e+00	4.496e+00	4.707e+00	3.175e+00	4.153e+00	2.741e+00	3.242e+00
1	13	6.105e+00	5.673e+00	6.105e+00	5.673e+00	4.600e+00	4.817e+00	3.954e+00	4.480e+00	3.791e+00	4.404e+00	3.269e+00	3.943e+00
1	14	6.415e+00	5.723e+00	5.676e+00	4.788e+00	4.807e+00	4.034e+00	4.582e+00	3.827e+00	4.268e+00	3.642e+00	3.678e+00	3.058e+00
1	15	6.867e+00	6.439e+00	5.870e+00	5.645e+00	5.593e+00	5.054e+00	4.161e+00	4.544e+00	3.909e+00	4.212e+00	3.680e+00	3.694e+00
1	16	6.822e+00	5.531e+00	6.822e+00	5.531e+00	5.950e+00	4.849e+00	4.811e+00	3.890e+00	4.032e+00	3.544e+00	3.647e+00	3.487e+00
1	17	6.275e+00	5.742e+00	5.397e+00	4.875e+00	4.964e+00	4.478e+00	4.255e+00	3.150e+00	4.154e+00	2.795e+00	4.115e+00	2.595e+00
1	18	6.783e+00	6.455e+00	6.010e+00	5.746e+00	5.063e+00	4.681e+00	4.300e+00	3.541e+00	4.090e+00	3.521e+00	3.518e+00	2.993e+00
1	19	5.978e+00	5.765e+00	5.908e+00	5.566e+00	5.690e+00	4.468e+00	5.535e+00	4.291e+00	3.600e+00	3.015e+00	3.600e+00	3.015e+00
1	20	6.181e+00	5.569e+00	5.689e+00	4.846e+00	4.862e+00	4.476e+00	4.267e+00	3.416e+00	4.196e+00	3.322e+00	4.093e+00	3.014e+00
2	0	6.275e+00	5.488e+00	6.005e+00	4.852e+00	5.618e+00	4.024e+00	5.437e+00	3.859e+00	4.327e+00	2.745e+00	4.327e+00	2.745e+00
2	1	6.298e+00	5.666e+00	5.511e+00	5.243e+00	5.511e+00	5.243e+00	4.498e+00	4.100e+00	3.951e+00	3.723e+00	3.764e+00	2.952e+00
2	2	5.730e+00	5.864e+00	5.274e+00	5.587e+00	5.274e+00	5.587e+00	4.925e+00	3.955e+00	4.436e+00	3.195e+00	3.906e+00	2.959e+00
2	3	6.376e+00	5.327e+00	6.216e+00	5.032e+00	5.737e+00	5.013e+00	4.839e+00	4.283e+00	4.087e+00	3.316e+00	3.080e+00	3.032e+00
2	4	6.824e+00	6.678e+00	5.893e+00	5.495e+00	5.439e+00	4.454e+00	4.752e+00	4.158e+00	4.519e+00	3.613e+00	3.807e+00	2.528e+00
2	5	6.580e+00	6.451e+00	3.989e+00	4.436e+00	3.989e+00	4.436e+00	3.817e+00	4.407e+00	3.154e+00	4.386e+00	2.771e+00	3.804e+00
2	6	6.876e+00	6.666e+00	6.191e+00	5.596e+00	4.392e+00	4.515e+00	4.392e+00	4.515e+00	3.341e+00	4.117e+00	2.997e+00	3.337e+00
2	7	6.509e+00	5.464e+00	6.000e+00	5.121e+00	5.912e+00	4.938e+00	5.206e+00	4.279e+00	3.621e+00	3.070e+00	3.541e+00	2.814e+00
2	8	6.746e+00	6.388e+00	5.564e+00	5.021e+00	4.848e+00	4.912e+00	4.175e+00	4.236e+00	4.103e+00	3.317e+00	3.989e+00	3.180e+00
2	9	6.312e+00	5.103e+00	6.312e+00	5.103e+00	4.868e+00	4.272e+00	4.868e+00	4.272e+00	4.013e+00	3.411e+00	3.322e+00	2.916e+00
2	10	5.755e+00	5.269e+00	5.624e+00	5.085e+00	5.116e+00	4.300e+00	4.996e+00	4.023e+00	3.999e+00	2.883e+00	3.994e+00	2.677e+00
2	11	6.725e+00	5.960e+00	5.523e+00	5.258e+00	5.278e+00	3.997e+00	5.278e+00	3.997e+00	4.619e+00	3.711e+00	3.277e+00	2.914e+00
2	12	6.452e+00	5.615e+00	5.891e+00	5.159e+00	5.462e+00	5.050e+00	4.819e+00	3.801e+00	4.392e+00	3.517e+00	4.057e+00	2.612e+00
2	13	7.289e+00	5.445e+00	5.219e+00	4.470e+00	5.219e+00	4.470e+00	4.322e+00	3.580e+00	4.322e+00	3.580e+00	3.361e+00	3.405e+00
2	14	6.138e+00	6.265e+00	6.064e+00	4.987e+00	5.369e+00	4.672e+00	4.571e+00	3.965e+00	4.155e+00	3.717e+00	3.005e+00	3.440e+00
2	15	6.251e+00	5.398e+00	6.251e+00	5.398e+00	5.578e+00	4.517e+00	5.364e+00	4.389e+00	4.842e+00	3.248e+00	3.569e+00	2.766e+00
2	16	6.938e+00	6.162e+00	5.721e+00	5.265e+00	5.180e+00	4.872e+00	4.635e+00	4.498e+00	3.324e+00	3.575e+00	3.324e+00	3.575e+00
2	17	5.747e+00	5.460e+00	5.747e+00	5.460e+00	5.587e+00	5.203e+00	4.589e+00	4.117e+00	4.321e+00	2.955e+00	3.805e+00	2.933e+00
2	18	7.010e+00	6.431e+00	5.828e+00	4.960e+00	4.670e+00	4.785e+00	4.328e+00	4.159e+00	3.353e+00	3.171e+00	3.353e+00	3.171e+00
2	19	6.612e+00	6.191e+00	5.437e+00	5.481e+00	4.461e+00	4.487e+00	4.430e+00	4.207e+00	3.217e+00	4.042e+00	2.946e+00	3.192e+00
2	20	6.526e+00	5.653e+00	6.194e+00	5.601e+00	5.360e+00	5.059e+00	5.281e+00	4.773e+00	3.917e+00	4.068e+00	2.792e+00	3.616e+00
3	0	7.007e+00	6.285e+00	5.919e+00	4.952e+00	5.738e+00	4.536e+00	5.090e+00	4.214e+00	4.545e+00	2.932e+00	4.538e+00	2.559e+00
3	1	6.277e+00	5.766e+00	6.277e+00	5.766e+00	4.642e+00	4.404e+00	4.532e+00	4.380e+00	3.598e+00	3.592e+00	3.598e+00	3.592e+00
3	2	6.049e+00	5.857e+00	5.662e+00	5.030e+00	5.013e+00	4.900e+00	4.689e+00	4.709e+00	3.921e+00	3.636e+00	3.612e+00	3.451e+00
3	3	6.549e+00	6.212e+00	6.504e+00	6.086e+00	5.568e+00	4.268e+00	4.978e+00	4.064e+00	4.246e+00	3.041e+00	4.246e+00	3.041e+00
3	4	6.462e+00	5.953e+00	5.989e+00	5.483e+00	5.697e+00	5.361e+00	5.065e+00	3.547e+00	4.431e+00	2.791e+00	3.751e+00	2.485e+00
3	5	6.019e+00	5.624e+00	5.422e+00	4.856e+00	4.771e+00	4.169e+00	3.948e+00	4.038e+00	3.399e+00	3.994e+00	2.372e+00	3.803e+00
3	6	6.258e+00	5.711e+00	5.939e+00	5.302e+00	4.506e+00	4.640e+00	4.490e+00	4.033e+00	3.688e+00	3.622e+00	3.363e+00	3.243e+00
3	7	5.869e+00	5.489e+00	5.532e+00	5.134e+00	5.159e+00	4.909e+00	4.578e+00	3.551e+00	4.578e+00	3.551e+00	3.561e+00	3.274e+00
3	8	6.850e+00	5.802e+00	5.770e+00	4.800e+00	4.803e+00	4.007e+00	4.353e+00	3.862e+00	4.087e+00	3.748e+00	3.685e+00	3.171e+00
3	9	6.770e+00	6.327e+00	5.808e+00	4.935e+00	5.308e+00	4.508e+00	5.300e+00	4.383e+00	4.028e+00	3.248e+00	3.895e+00	2.925e+00
3	10	6.952e+00	6.232e+00	5.785e+00	5.059e+00	5.002e+00	4.466e+00	4.963e+00	3.821e+00	4.521e+00	3.389e+00	3.859e+00	3.011e+00
3	11	5.657e+00	5.463e+00	5.325e+00	4.860e+00	4.619e+00	4.240e+00	4.343e+00	4.107e+00	3.959e+00	3.453e+00	3.873e+00	3.289e+00
3	12	6.420e+00	5.901e+00	5.431e+00	4.430e+00	5.431e+00	4.430e+00	4.531e+00	3.882e+00	4.531e+00	3.882e+00	3.891e+00	2.922e+00
3	13	5.192e+00	5.189e+00	4.888e+00	4.881e+00	4.759e+00	4.770e+00	4.759e+00	4.770e+00	3.807e+00	3.496e+00	3.401e+00	3.160e+00
3	14	6.380e+00	6.549e+00	4.641e+00	4.941e+00	4.559e+00	4.716e+00	3.957e+00	3.553e+00	3.498e+00	3.509e+00	3.099e+00	3.246e+00
3	15	6.675e+00	5.901e+00	5.977e+00	5.205e+00	4.739e+00	4.180e+00	3.717e+00	3.828e+00	3.256e+00	3.088e+00	3.256e+00	3.088e+00
3	16	5.427e+00	5.009e+00	5.427e+00	5.009e+00	4.798e+00	4.779e+00	4.407e+00	4.603e+00	4.251e+00	3.228e+00	3.354e+00	2.880e+00
3	17	7.416e+00	6.462e+00	6.124e+00	5.180e+00	4.732e+00	4.229e+00	4.732e+00	4.229e+00	4.076e+00	3.393e+00	3.309e+00	2.655e+00
3	18	7.063e+00	6.639e+00	5.123e+00	5.473e+00	4.845e+00	5.451e+00	4.467e+00	4.757e+00	3.527e+00	3.830e+00	2.983e+00	3.773e+00
3	19	7.440e+00	6.727e+00	4.731e+00	5.239e+00	4.595e+00	4.888e+00	4.063e+00	4.361e+00	4.025e+00	3.490e+00	3.753e+00	2.986e+00
3	20	6.638e+00	6.230e+00	5.971e+00	5.051e+00	5.706e+00	5.039e+00	4.437e+00	3.995e+00	4.437e+00	3.995e+00	3.548e+00	3.655e+00
4	0	7.138e+00	5.944e+00	6.040e+00	5.221e+00	4.637e+00	4.917e+00	4.211e+00	4.676e+00	3.423e+00	4.297e+00	2.741e+00	3.593e+00
4	1	6.578e+00	6.311e+00	6.193e+00	6.204e+00	4.390e+00	5.139e+00	3.701e+00	4.713e+00	3.571e+00	4.371e+00	2.831e+00	3.898e+00
4	2	7.233e+00	6.614e+00	6.018e+00	5.469e+00	5.430e+00	5.184e+00	3.580e+00	4.590e+00	3.267e+00	4.029e+00	3.156e+00	3.481e+00
4	3	6.456e+00	5.348e+00	6.191e+00	4.942e+00	5.571e+00	4.186e+00	5.571e+00	4.186e+00	4.265e+00	3.370e+00	3.712e+00	2.784e+00
4	4	6.164e+00	5.349e+00	5.908e+00	4.803e+00	5.561e+00	4.510e+00	5.064e+00	4.404e+00	4.636e+00	3.842e+00	4.104e+00	2.646e+00
4	5	6.223e+00	5.975e+00	6.122e+00	5.813e+00	4.271e+00	4.546e+00	3.841e+00	3.966e+00	3.841e+00	3.966e+00	3.319e+00	2.727e+00
4	6	5.769e+00	5.468e+00	4.851e+00	4.702e+00	4.387e+00	4.399e+00	4.341e+00	3.841e+00	3.926e+00	3.795e+00	2.649e+00	3.434e+00
4	7	5.651e+00	5.364e+00	5.651e+00	5.364e+00	5.041e+00	4.072e+00	4.660e+00	3.788e+00	4.552e+00	3.299e+00	3.259e+00	2.728e+00
4	8	6.266e+00	5.670e+00	6.032e+00	5.516e+00	4.895e+00	4.439e+00	4.895e+00	4.439e+00	3.791e+00	3.419e+00	3.518e+00	3.219e+00
4	9	6.140e+00	5.808e+00	5.887e+00	5.385e+00	5.502e+00	4.790e+00	4.854e+00	3.971e+00	4.400e+00	3.098e+00	4.065e+00	3.052e+00
4	10	6.179e+00	5.729e+00	4.762e+00	4.671e+00	4.384e+00	4.619e+00	3.878e+00	3.938e+00	3.677e+00	3.832e+00	3.588e+00	3.442e+00
4	11	5.552e+00	5.266e+00	5.215e+00	4.482e+00	4.453e+00	3.856e+00	4.453e+00	3.856e+00	4.115e+00	3.609e+00	3.798e+00	2.943e+00
4	12	5.665e+00	4.608e+00	5.515e+00	4.604e+00	5.465e+00	4.156e+00	4.905e+00	4.032e+00	4.137e+00	3.656e+00	3.595e+00	3.399e+00
4	13	6.847e+00	6.574e+00	5.956e+00	4.621e+00	5.242e+00	4.397e+00	4.729e+00	4.024e+00	4.534e+00	3.838e+00	4.121e+00	2.797e+00
4	14	6.440e+00	6.116e+00	5.263e+00	5.706e+00	4.571e+00	4.276e+00	4.571e+00	4.276e+00	3.809e+00	3.587e+00	3.346e+00	3.001e+00
4	15	7.308e+00	6.597e+00	5.357e+00	4.680e+00	4.850e+00	4.234e+00	4.850e+00	4.234e+00	3.540e+00	3.716e+00	3.020e+00	3.426e+00
4	16	6.010e+00	5.709e+00	5.417e+00	5.355e+00	4.586e+00	4.546e+00	4.586e+00	4.546e+00	4.073e+00	3.073e+00	3.593e+00	2.958e+00
4	17	6.312e+00	6.152e+00	6.312e+00	6.152e+00	5.044e+00	5.466e+00	5.044e+00	5.466e+00	3.804e+00	3.850e+00	3.044e+00	3.083e+00
4	18	5.949e+00	5.458e+00	5.820e+00	5.192e+00	4.861e+00	4.680e+00	4.455e+00	4.110e+00	4.337e+00	3.790e+00	3.321e+00	3.549e+00
4	19	5.477e+00	5.678e+00	4.950e+00	5.263e+00	4.679e+00	5.038e+00	4.093e+00	4.350e+00	3.594e+00	4.105e+00	3.571e+00	3.354e+00
4	20	5.639e+00	5.582e+00	4.978e+00	4.343e+00	4.400e+00	3.936e+00	4.333e+00	3.788e+00	3.781e+00	3.420e+00	3.649e+00	3.292e+00
5	0	6.271e+00	6.288e+00	5.543e+00	5.690e+00	4.033e+00	4.404e+00	4.033e+00	4.404e+00	3.682e+00	3.763e+00	3.187e+00	3.512e+00
5	1	7.069e+00	6.187e+00	7.069e+00	6.187e+00	6.456e+00	5.267e+00	4.376e+00	3.837e+00	4.376e+00	3.837e+00	3.459e+00	2.944e+00
5	2	6.057e+00	5.829e+00	5.846e+00	5.704e+00	5.144e+00	5.573e+00	4.478e+00	5.435e+00	3.301e+00	3.299e+00	3.239e+00	3.222e+00
5	3	6.712e+00	5.891e+00	6.474e+00	5.547e+00	5.495e+00	4.209e+00	5.491e+00	4.160e+00	4.281e+00	2.898e+00	4.127e+00	2.841e+00
5	4	6.394e+00	5.922e+00	5.603e+00	4.624e+00	5.603e+00	4.624e+00	4.245e+00	4.275e+00	3.927e+00	4.217e+00	3.448e+00	3.471e+00
5	5	6.284e+00	5.619e+00	6.284e+00	5.619e+00	5.881e+00	4.857e+00	4.216e+00	3.518e+00	3.741e+00	3.494e+00	3.641e+00	3.282e+00
5	6	6.318e+00	5.840e+00	5.883e+00	5.093e+00	5.253e+00	4.807e+00	4.896e+00	3.826e+00	3.757e+00	3.258e+00	3.538e+00	3.010e+00
5	7	6.430e+00	5.397e+00	6.230e+00	5.336e+00	4.850e+00	3.888e+00	4.372e+00	3.395e+00	3.714e+00	3.216e+00	3.309e+00	3.170e+00
5	8	6.898e+00	5.561e+00	5.367e+00	4.528e+00	5.367e+00	4.528e+00	4.917e+00	3.218e+00	4.917e+00	3.218e+00	4.006e+00	2.840e+00
5	9	6.666e+00	6.639e+00	6.087e+00	5.347e+00	4.809e+00	4.202e+00	4.254e+00	4.051e+00	4.043e+00	3.870e+00	3.727e+00	2.959e+00
5	10	6.093e+00	5.802e+00	5.334e+00	4.910e+00	5.334e+00	4.910e+00	5.333e+00	4.866e+00	4.627e+00	3.932e+00	3.765e+00	3.215e+00
5	11	7.156e+00	5.865e+00	5.856e+00	4.952e+00	4.823e+00	4.362e+00	4.715e+00	4.085e+00	3.784e+00	3.878e+00	3.326e+00	3.677e+00
5	12	6.700e+00	5.878e+00	5.475e+00	4.787e+00	4.637e+00	3.886e+00	4.292e+00	3.359e+00	4.170e+00	3.108e+00	3.873e+00	2.457e+00
5	13	6.457e+00	6.234e+00	5.336e+00	5.543e+00	5.049e+00	5.422e+00	3.866e+00	3.760e+00	3.866e+00	3.760e+00	3.490e+00	3.369e+00
5	14	6.357e+00	6.238e+00	5.589e+00	5.554e+00	5.556e+00	4.946e+00	4.446e+00	4.030e+00	4.187e+00	3.157e+00	3.525e+00	2.958e+00
5	15	7.309e+00	5.932e+00	6.162e+00	5.232e+00	5.306e+00	4.351e+00	5.306e+00	4.351e+00	3.695e+00	3.546e+00	3.370e+00	3.317e+00
5	16	5.820e+00	5.077e+00	4.984e+00	5.034e+00	4.977e+00	5.018e+00	4.604e+00	4.732e+00	4.262e+00	3.791e+00	3.489e+00	3.551e+00
5	17	6.831e+00	5.991e+00	5.662e+00	5.308e+00	4.968e+00	4.867e+00	4.794e+00	4.769e+00	4.082e+00	2.985e+00	3.655e+00	2.657e+00
5	18	6.898e+00	7.052e+00	5.771e+00	5.096e+00	5.111e+00	4.019e+00	4.882e+00	3.971e+00	4.072e+00	3.559e+00	3.878e+00	2.533e+00
5	19	6.558e+00	5.864e+00	5.805e+00	5.038e+00	5.355e+00	4.627e+00	4.077e+00	3.768e+00	3.988e+00	3.667e+00	3.286e+00	3.175e+00
5	20	6.242e+00	5.774e+00	5.027e+00	5.031e+00	4.633e+00	4.259e+00	3.969e+00	3.791e+00	3.717e+00	3.306e+00	3.698e+00	3.216e+00
6	0	5.636e+00	5.911e+00	4.950e+00	5.157e+00	4.950e+00	5.157e+00	4.928e+00	4.681e+00	4.310e+00	4.063e+00	3.329e+00	3.265e+00
6	1	7.087e+00	6.568e+00	6.355e+00	5.780e+00	4.530e+00	4.840e+00	4.530e+00	4.840e+00	3.547e+00	3.214e+00	3.505e+00	2.763e+00
6	2	6.967e+00	6.189e+00	6.097e+00	5.031e+00	5.950e+00	4.817e+00	5.285e+00	4.121e+00	3.807e+00	2.853e+00	3.623e+00	2.568e+00
6	3	6.450e+00	4.973e+00	6.326e+00	4.698e+00	5.885e+00	4.459e+00	5.546e+00	4.040e+00	4.692e+00	3.156e+00	4.176e+00	2.481e+00
6	4	6.482e+00	5.591e+00	5.200e+00	4.232e+00	5.028e+00	3.646e+00	4.334e+00	3.357e+00	4.334e+00	3.357e+00	3.951e+00	2.683e+00
6	5	6.836e+00	5.404e+00	5.632e+00	4.730e+00	5.163e+00	4.161e+00	4.843e+00	3.643e+00	4.843e+00	3.643e+00	4.224e+00	2.720e+00
6	6	6.203e+00	5.573e+00	5.299e+00	4.761e+00	4.786e+00	4.433e+00	4.786e+00	4.433e+00	4.061e+00	3.349e+00	3.495e+00	3.063e+00
6	7	5.994e+00	5.889e+00	5.523e+00	5.289e+00	4.882e+00	4.679e+00	3.941e+00	3.587e+00	3.941e+00	3.587e+00	3.529e+00	2.993e+00
6	8	5.935e+00	6.051e+00	4.772e+00	5.471e+00	4.152e+00	5.037e+00	3.602e+00	4.725e+00	3.583e+00	4.246e+00	2.767e+00	3.932e+00
6	9	7.370e+00	6.256e+00	5.544e+00	5.597e+00	4.749e+00	4.420e+00	4.554e+00	3.395e+00	4.554e+00	3.395e+00	3.376e+00	2.961e+00
6	10	6.233e+00	5.469e+00	4.993e+00	4.909e+00	4.992e+00	4.657e+00	4.737e+00	4.633e+00	3.814e+00	3.975e+00	3.193e+00	3.548e+00
6	11	6.565e+00	5.840e+00	6.088e+00	5.414e+00	5.929e+00	5.164e+00	4.991e+00	4.548e+00	4.116e+00	3.550e+00	3.831e+00	2.427e+00
6	12	6.695e+00	6.201e+00	6.399e+00	5.426e+00	4.191e+00	4.270e+00	3.918e+00	4.055e+00	3.918e+00	4.055e+00	3.262e+00	2.742e+00
6	13	5.989e+00	6.260e+00	5.032e+00	5.121e+00	4.866e+00	4.802e+00	4.777e+00	4.634e+00	3.569e+00	4.070e+00	3.215e+00	3.957e+00
6	14	6.434e+00	5.548e+00	5.480e+00	4.887e+00	5.170e+00	4.573e+00	5.149e+00	4.333e+00	4.464e+00	3.882e+00	3.835e+00	2.787e+00
6	15	6.349e+00	5.911e+00	5.892e+00	5.579e+00	5.644e+00	4.593e+00	4.869e+00	3.839e+00	3.867e+00	3.458e+00	3.656e+00	3.010e+00
6	16	6.408e+00	6.094e+00	6.202e+00	6.048e+00	5.524e+00	5.117e+00	5.279e+00	4.840e+00	3.586e+00	3.646e+00	3.534e+00	3.543e+00
6	17	6.574e+00	6.004e+00	6.087e+00	5.644e+00	5.362e+00	4.642e+00	4.922e+00	4.592e+00	4.005e+00	3.649e+00	3.412e+00	2.471e+00
6	18	6.567e+00	6.158e+00	6.011e+00	5.464e+00	5.616e+00	5.435e+00	4.751e+00	4.119e+00	3.536e+00	4.055e+00	3.465e+00	3.427e+00
6	19	6.532e+00	5.766e+00	5.487e+00	4.586e+00	4.493e+00	3.607e+00	4.493e+00	3.607e+00	4.193e+00	3.016e+00	4.157e+00	2.920e+00
6	20	6.684e+00	5.900e+00	5.558e+00	4.708e+00	3.749e+00	4.038e+00	3.739e+00	3.898e+00	3.739e+00	3.898e+00	3.323e+00	3.656e+00
7	0	6.762e+00	5.397e+00	5.489e+00	4.471e+00	5.338e+00	4.155e+00	5.338e+00	4.155e+00	4.775e+00	3.389e+00	3.943e+00	2.945e+00
7	1	6.651e+00	5.841e+00	5.202e+00	4.963e+00	5.202e+00	4.963e+00	5.202e+00	4.963e+00	3.312e+00	3.702e+00	3.312e+00	3.702e+00
7	2	5.711e+00	5.351e+00	5.203e+00	4.852e+00	5.203e+00	4.852e+00	4.825e+00	3.668e+00	4.163e+00	2.921e+00	4.163e+00	2.921e+00
7	3	6.597e+00	6.078e+00	6.137e+00	5.591e+00	5.811e+00	5.189e+00	4.643e+00	3.868e+00	3.914e+00	3.405e+00	3.459e+00	3.243e+00
7	4	6.493e+00	5.571e+00	5.957e+00	4.677e+00	5.067e+00	3.504e+00	5.067e+00	3.504e+00	5.067e+00	3.504e+00	3.778e+00	2.950e+00
7	5	7.569e+00	6.909e+00	5.319e+00	4.476e+00	4.879e+00	4.260e+00	4.879e+00	4.260e+00	4.486e+00	3.388e+00	3.209e+00	2.906e+00
7	6	7.241e+00	6.255e+00	5.693e+00	4.577e+00	5.117e+00	3.883e+00	4.777e+00	2.850e+00	4.777e+00	2.850e+00	4.311e+00	2.549e+00
7	7	5.420e+00	4.619e+00	5.420e+00	4.619e+00	5.420e+00	4.619e+00	4.580e+00	4.161e+00	4.465e+00	3.954e+00	3.340e+00	2.905e+00
7	8	5.179e+00	5.966e+00	4.317e+00	5.045e+00	4.224e+00	4.594e+00	4.071e+00	4.073e+00	4.071e+00	4.073e+00	3.496e+00	3.381e+00
7	9	6.539e+00	5.883e+00	5.868e+00	5.368e+00	4.161e+00	4.145e+00	4.161e+00	4.145e+00	3.168e+00	3.318e+00	3.168e+00	3.318e+00
7	10	6.290e+00	5.877e+00	5.406e+00	5.073e+00	5.287e+00	5.065e+00	4.809e+00	4.290e+00	4.313e+00	3.695e+00	3.340e+00	3.052e+00
7	11	5.841e+00	5.299e+00	4.986e+00	4.175e+00	4.986e+00	4.175e+00	4.986e+00	4.175e+00	4.452e+00	3.881e+00	4.031e+00	3.073e+00
7	12	6.891e+00	6.003e+00	5.452e+00	4.962e+00	4.762e+00	3.885e+00	4.536e+00	3.574e+00	3.998e+00	2.979e+00	3.923e+00	2.544e+00
7	13	6.172e+00	5.817e+00	5.855e+00	5.646e+00	4.997e+00	4.544e+00	4.652e+00	4.542e+00	4.121e+00	3.780e+00	3.483e+00	3.546e+00
7	14	5.978e+00	5.837e+00	5.977e+00	5.754e+00	5.185e+00	5.610e+00	4.816e+00	4.823e+00	4.635e+00	3.549e+00	3.700e+00	2.825e+00
7	15	7.151e+00	6.601e+00	5.762e+00	5.723e+00	5.177e+00	5.106e+00	5.177e+00	5.106e+00	3.986e+00	4.042e+00	3.469e+00	3.622e+00
7	16	5.859e+00	5.713e+00	5.859e+00	5.713e+00	4.728e+00	4.575e+00	4.516e+00	4.517e+00	3.808e+00	3.812e+00	3.733e+00	3.330e+00
7	17	6.428e+00	6.899e+00	5.400e+00	5.322e+00	4.705e+00	4.818e+00	4.415e+00	4.751e+00	3.963e+00	3.223e+00	3.817e+00	3.056e+00
7	18	6.396e+00	5.378e+00	6.396e+00	5.378e+00	5.319e+00	4.297e+00	4.919e+00	4.263e+00	4.489e+00	3.838e+00	3.393e+00	2.983e+00
7	19	6.607e+00	6.495e+00	4.851e+00	4.905e+00	4.755e+00	4.683e+00	4.497e+00	4.523e+00	3.522e+00	4.387e+00	3.310e+00	3.100e+00
7	20	5.326e+00	4.639e+00	5.326e+00	4.639e+00	4.725e+00	4.588e+00	4.184e+00	4.226e+00	3.457e+00	4.013e+00	3.351e+00	3.711e+00
8	0	6.852e+00	6.231e+00	5.469e+00	4.674e+00	5.209e+00	4.376e+00	4.866e+00	3.488e+00	4.468e+00	3.163e+00	3.914e+00	3.123e+00
8	1	6.532e+00	5.429e+00	5.338e+00	5.040e+00	5.294e+00	3.509e+00	5.294e+00	3.509e+00	4.634e+00	3.057e+00	4.221e+00	3.010e+00
8	2	6.400e+00	6.226e+00	6.056e+00	4.953e+00	5.434e+00	4.449e+00	4.385e+00	3.698e+00	4.082e+00	3.593e+00	3.608e+00	3.277e+00
8	3	5.303e+00	4.027e+00	5.113e+00	3.906e+00	4.780e+00	3.638e+00	4.780e+00	3.638e+00	4.780e+00	3.638e+00	3.995e+00	3.008e+00
8	4	5.998e+00	5.155e+00	5.834e+00	4.806e+00	5.558e+00	3.814e+00	5.558e+00	3.814e+00	4.275e+00	2.925e+00	3.913e+00	2.744e+00
8	5	5.766e+00	5.102e+00	5.674e+00	4.814e+00	4.058e+00	3.345e+00	4.058e+00	3.345e+00	4.058e+00	3.345e+00	3.653e+00	3.009e+00
8	6	6.082e+00	5.725e+00	5.219e+00	4.316e+00	5.219e+00	4.316e+00	5.065e+00	4.275e+00	4.151e+00	2.750e+00	4.151e+00	2.750e+00
8	7	7.514e+00	6.753e+00	5.495e+00	4.207e+00	5.495e+00	4.207e+00	4.593e+00	3.136e+00	4.593e+00	3.136e+00	4.344e+00	2.970e+00
8	8	6.780e+00	5.642e+00	4.186e+00	4.675e+00	4.180e+00	4.623e+00	3.688e+00	4.309e+00	3.567e+00	4.188e+00	2.566e+00	3.534e+00
8	9	6.095e+00	5.876e+00	5.491e+00	5.279e+00	4.789e+00	4.293e+00	4.789e+00	4.293e+00	3.458e+00	3.508e+00	3.458e+00	3.508e+00
8	10	7.144e+00	6.533e+00	5.552e+00	4.905e+00	4.729e+00	4.075e+00	4.562e+00	3.696e+00	4.492e+00	3.513e+00	3.724e+00	2.736e+00
8	11	5.611e+00	5.456e+00	5.611e+00	5.456e+00	4.972e+00	3.850e+00	4.972e+00	3.850e+00	4.954e+00	3.314e+00	3.840e+00	2.836e+00
8	12	7.082e+00	5.904e+00	5.887e+00	5.361e+00	4.904e+00	4.277e+00	4.767e+00	4.171e+00	4.535e+00	3.688e+00	4.424e+00	2.880e+00
8	13	5.825e+00	5.326e+00	5.611e+00	5.173e+00	4.309e+00	4.131e+00	3.917e+00	3.854e+00	3.760e+00	3.452e+00	3.281e+00	3.115e+00
8	14	7.076e+00	6.743e+00	4.653e+00	4.308e+00	4.404e+00	4.127e+00	4.135e+00	4.101e+00	3.898e+00	3.742e+00	3.181e+00	3.618e+00
8	15	6.589e+00	5.645e+00	5.893e+00	5.276e+00	5.888e+00	5.250e+00	4.983e+00	4.397e+00	3.536e+00	3.169e+00	3.536e+00	3.169e+00
8	16	6.102e+00	5.866e+00	5.461e+00	5.097e+00	5.461e+00	5.097e+00	5.410e+00	4.782e+00	3.976e+00	3.687e+00	3.844e+00	3.020e+00
8	17	6.542e+00	5.698e+00	5.611e+00	4.795e+00	5.179e+00	4.060e+00	5.179e+00	4.060e+00	4.333e+00	3.577e+00	3.862e+00	3.206e+00
8	18	6.080e+00	5.121e+00	5.394e+00	4.820e+00	4.297e+00	4.160e+00	4.138e+00	3.996e+00	4.048e+00	3.719e+00	3.510e+00	3.203e+00
8	19	5.047e+00	4.659e+00	4.917e+00	4.601e+00	4.332e+00	4.131e+00	4.094e+00	4.086e+00	3.846e+00	3.284e+00	3.846e+00	3.284e+00
8	20	6.549e+00	6.012e+00	6.092e+00	4.874e+00	5.484e+00	4.347e+00	4.133e+00	3.124e+00	4.133e+00	3.124e+00	3.712e+00	3.022e+00
9	0	6.419e+00	5.738e+00	6.419e+00	5.738e+00	4.696e+00	3.960e+00	4.213e+00	3.464e+00	4.116e+00	3.160e+00	4.003e+00	2.777e+00
9	1	6.946e+00	5.953e+00	4.843e+00	3.839e+00	4.828e+00	3.596e+00	4.828e+00	3.596e+00	4.703e+00	3.348e+00	3.913e+00	2.792e+00
9	2	6.158e+00	5.683e+00	6.009e+00	5.414e+00	4.653e+00	3.731e+00	4.653e+00	3.731e+00	4.653e+00	3.731e+00	4.078e+00	3.171e+00
9	3	6.789e+00	6.422e+00	5.405e+00	5.216e+00	5.219e+00	5.051e+00	5.204e+00	4.818e+00	3.620e+00	3.752e+00	3.620e+00	3.752e+00
9	4	6.793e+00	5.806e+00	5.674e+00	4.445e+00	4.934e+00	3.842e+00	4.130e+00	3.017e+00	4.130e+00	3.017e+00	3.747e+00	2.970e+00
9	5	6.059e+00	5.436e+00	5.593e+00	4.919e+00	4.715e+00	4.284e+00	4.258e+00	3.675e+00	4.258e+00	3.675e+00	3.861e+00	2.996e+00
9	6	7.680e+00	6.805e+00	5.621e+00	4.793e+00	5.128e+00	4.372e+00	4.985e+00	2.985e+00	4.830e+00	2.692e+00	4.589e+00	2.375e+00
9	7	6.326e+00	5.963e+00	6.246e+00	5.664e+00	5.083e+00	4.364e+00	4.805e+00	3.777e+00	4.056e+00	3.018e+00	3.945e+00	2.894e+00
9	8	5.700e+00	5.434e+00	5.492e+00	4.965e+00	4.730e+00	4.229e+00	4.116e+00	4.029e+00	3.846e+00	3.792e+00	2.724e+00	3.348e+00
9	9	5.735e+00	6.437e+00	5.518e+00	6.287e+00	5.084e+00	5.790e+00	4.588e+00	3.624e+00	4.588e+00	3.624e+00	3.551e+00	2.962e+00
9	10	6.389e+00	5.630e+00	6.278e+00	5.387e+00	5.054e+00	4.467e+00	4.662e+00	3.675e+00	4.286e+00	3.371e+00	4.280e+00	3.014e+00
9	11	7.248e+00	6.461e+00	5.904e+00	5.917e+00	5.157e+00	5.443e+00	4.919e+00	4.869e+00	3.941e+00	3.871e+00	3.592e+00	2.707e+00
9	12	7.095e+00	5.647e+00	6.634e+00	5.131e+00	4.546e+00	3.564e+00	4.494e+00	3.171e+00	4.317e+00	2.951e+00	4.317e+00	2.951e+00
9	13	5.594e+00	5.087e+00	4.906e+00	4.800e+00	4.637e+00	4.414e+00	4.386e+00	3.861e+00	4.268e+00	3.651e+00	3.425e+00	3.192e+00
9	14	5.355e+00	5.828e+00	4.763e+00	4.895e+00	4.458e+00	4.726e+00	4.458e+00	4.726e+00	3.790e+00	3.529e+00	3.562e+00	3.102e+00
9	15	6.573e+00	6.096e+00	5.158e+00	4.971e+00	5.056e+00	4.453e+00	4.937e+00	3.842e+00	4.282e+00	3.588e+00	4.026e+00	3.208e+00
9	16	6.798e+00	6.102e+00	6.643e+00	5.556e+00	6.509e+00	5.281e+00	5.152e+00	4.157e+00	4.233e+00	3.254e+00	3.669e+00	2.858e+00
9	17	6.311e+00	5.691e+00	5.754e+00	4.864e+00	5.754e+00	4.864e+00	5.149e+00	4.041e+00	4.121e+00	3.748e+00	3.711e+00	3.015e+00
9	18	6.308e+00	5.752e+00	5.357e+00	4.596e+00	4.594e+00	4.022e+00	4.594e+00	4.022e+00	4.071e+00	3.765e+00	3.588e+00	3.004e+00
9	19	6.220e+00	5.990e+00	5.839e+00	4.986e+00	4.508e+00	4.017e+00	4.120e+00	3.245e+00	4.120e+00	3.245e+00	4.120e+00	3.245e+00
9	20	6.256e+00	5.572e+00	4.791e+00	4.193e+00	4.238e+00	3.666e+00	4.139e+00	3.585e+00	3.691e+00	3.272e+00	3.691e+00	3.272e+00
10	0	7.582e+00	5.807e+00	6.439e+00	4.921e+00	5.286e+00	3.958e+00	4.773e+00	3.647e+00	4.651e+00	3.542e+00	3.725e+00	3.221e+00
10	1	6.949e+00	5.231e+00	6.277e+00	5.086e+00	5.295e+00	4.620e+00	4.635e+00	3.936e+00	4.635e+00	3.936e+00	3.377e+00	3.252e+00
10	2	6.780e+00	6.569e+00	5.966e+00	5.042e+00	5.258e+00	4.524e+00	4.844e+00	4.199e+00	4.042e+00	3.197e+00	3.817e+00	2.857e+00
10	3	6.274e+00	5.541e+00	5.357e+00	5.116e+00	5.357e+00	5.116e+00	4.088e+00	4.040e+00	3.710e+00	3.507e+00	3.680e+00	3.334e+00
10	4	5.903e+00	5.807e+00	5.599e+00	5.698e+00	4.369e+00	3.646e+00	4.323e+00	3.622e+00	4.269e+00	3.617e+00	3.178e+00	3.122e+00
10	5	6.640e+00	5.817e+00	5.515e+00	5.185e+00	5.443e+00	4.879e+00	4.399e+00	4.061e+00	3.502e+00	3.970e+00	3.387e+00	3.873e+00
10	6	6.986e+00	5.281e+00	5.739e+00	4.650e+00	4.870e+00	4.311e+00	4.130e+00	3.630e+00	3.837e+00	3.001e+00	3.837e+00	3.001e+00
10	7	6.862e+00	5.939e+00	6.021e+00	5.468e+00	4.994e+00	4.353e+00	4.985e+00	4.269e+00	4.228e+00	2.810e+00	3.340e+00	2.591e+00
10	8	6.636e+00	6.631e+00	5.620e+00	4.775e+00	5.249e+00	4.668e+00	4.723e+00	4.284e+00	3.661e+00	3.795e+00	3.094e+00	2.746e+00
10	9	6.340e+00	6.159e+00	6.022e+00	5.731e+00	5.095e+00	4.307e+00	4.470e+00	3.951e+00	3.463e+00	3.479e+00	2.906e+00	3.296e+00
10	10	7.102e+00	6.417e+00	6.193e+00	5.494e+00	5.904e+00	5.061e+00	5.003e+00	4.828e+00	3.772e+00	3.394e+00	3.358e+00	2.807e+00
10	11	5.924e+00	5.170e+00	4.623e+00	4.366e+00	4.623e+00	4.366e+00	4.396e+00	3.677e+00	4.202e+00	3.480e+00	3.266e+00	3.284e+00
10	12	5.989e+00	5.411e+00	5.407e+00	4.418e+00	5.138e+00	3.922e+00	4.792e+00	3.865e+00	4.766e+00	3.505e+00	4.293e+00	2.122e+00
10	13	6.940e+00	6.767e+00	5.511e+00	4.953e+00	4.837e+00	4.555e+00	4.492e+00	3.863e+00	3.861e+00	3.372e+00	3.834e+00	2.747e+00
10	14	6.428e+00	6.246e+00	5.005e+00	4.875e+00	4.480e+00	4.419e+00	4.036e+00	3.855e+00	3.765e+00	3.335e+00	3.529e+00	3.324e+00
10	15	6.155e+00	5.506e+00	5.471e+00	5.120e+00	4.786e+00	4.615e+00	4.572e+00	4.396e+00	3.942e+00	2.937e+00	3.525e+00	2.675e+00
10	16	6.168e+00	5.720e+00	5.571e+00	5.152e+00	5.459e+00	5.008e+00	4.219e+00	3.852e+00	4.106e+00	3.845e+00	3.466e+00	3.288e+00
10	17	6.522e+00	6.781e+00	5.304e+00	4.426e+00	5.252e+00	4.314e+00	4.852e+00	3.960e+00	4.361e+00	3.589e+00	3.818e+00	2.821e+00
10	18	7.128e+00	6.728e+00	5.974e+00	5.461e+00	5.433e+00	4.655e+00	4.571e+00	3.914e+00	4.510e+00	3.790e+00	4.066e+00	2.738e+00
10	19	6.285e+00	5.920e+00	5.980e+00	5.600e+00	5.527e+00	5.304e+00	4.474e+00	4.556e+00	3.689e+00	3.726e+00	3.561e+00	3.497e+00
10	20	7.920e+00	6.863e+00	7.645e+00	6.654e+00	6.614e+00	5.477e+00	4.886e+00	4.226e+00	3.951e+00	3.353e+00	3.694e+00	3.192e+00
11	0	6.641e+00	6.212e+00	6.079e+00	6.002e+00	5.969e+00	5.852e+00	4.921e+00	4.607e+00	3.726e+00	3.558e+00	3.677e+00	2.579e+00
11	1	5.859e+00	6.002e+00	5.636e+00	5.318e+00	4.971e+00	4.243e+00	3.795e+00	3.830e+00	3.791e+00	3.521e+00	3.604e+00	3.304e+00
11	2	4.986e+00	5.549e+00	4.621e+00	5.152e+00	3.957e+00	4.524e+00	3.957e+00	4.524e+00	3.434e+00	3.804e+00	3.164e+00	3.558e+00
11	3	6.887e+00	6.160e+00	5.571e+00	4.871e+00	5.323e+00	4.843e+00	4.857e+00	4.162e+00	4.102e+00	3.978e+00	3.200e+00	2.717e+00
11	4	7.408e+00	6.819e+00	5.444e+00	3.873e+00	5.274e+00	3.772e+00	4.968e+00	3.589e+00	3.725e+00	2.866e+00	3.725e+00	2.866e+00
11	5	6.086e+00	5.432e+00	5.815e+00	5.230e+00	5.815e+00	5.230e+00	4.411e+00	4.019e+00	4.203e+00	3.155e+00	3.842e+00	2.907e+00
11	6	6.924e+00	5.955e+00	5.646e+00	5.368e+00	5.119e+00	5.069e+00	4.738e+00	4.185e+00	4.013e+00	3.731e+00	3.246e+00	3.347e+00
11	7	6.111e+00	5.852e+00	5.516e+00	5.328e+00	5.260e+00	4.556e+00	4.996e+00	4.470e+00	3.720e+00	2.887e+00	3.429e+00	2.748e+00
11	8	6.014e+00	5.663e+00	4.952e+00	4.411e+00	4.952e+00	4.411e+00	4.796e+00	4.167e+00	4.032e+00	3.148e+00	3.844e+00	2.583e+00
11	9	6.430e+00	6.347e+00	6.118e+00	5.656e+00	5.759e+00	4.476e+00	4.742e+00	3.583e+00	4.382e+00	3.082e+00	4.265e+00	2.903e+00
11	10	5.304e+00	4.777e+00	5.304e+00	4.777e+00	4.696e+00	3.765e+00	4.195e+00	3.512e+00	3.696e+00	3.333e+00	3.454e+00	3.054e+00
11	11	5.451e+00	5.015e+00	5.451e+00	5.015e+00	5.451e+00	5.015e+00	4.075e+00	3.549e+00	3.706e+00	3.253e+00	3.217e+00	3.010e+00
11	12	5.748e+00	5.783e+00	4.640e+00	3.516e+00	4.597e+00	3.439e+00	4.597e+00	3.439e+00	4.574e+00	3.247e+00	3.993e+00	2.386e+00
11	13	6.508e+00	6.324e+00	5.281e+00	5.555e+00	4.432e+00	4.420e+00	4.256e+00	4.023e+00	4.148e+00	3.604e+00	4.122e+00	2.512e+00
11	14	6.821e+00	6.392e+00	5.338e+00	5.552e+00	5.338e+00	5.552e+00	4.170e+00	4.370e+00	4.081e+00	3.056e+00	4.042e+00	2.531e+00
11	15	6.172e+00	4.975e+00	5.847e+00	4.701e+00	4.754e+00	4.070e+00	4.754e+00	4.070e+00	3.919e+00	3.520e+00	3.365e+00	3.297e+00
11	16	6.922e+00	5.121e+00	6.639e+00	5.093e+00	5.174e+00	3.891e+00	4.617e+00	3.816e+00	3.608e+00	2.984e+00	3.441e+00	2.862e+00
11	17	6.382e+00	5.418e+00	6.249e+00	4.371e+00	5.317e+00	3.829e+00	4.386e+00	3.565e+00	4.175e+00	3.308e+00	3.594e+00	2.692e+00
11	18	6.703e+00	6.689e+00	6.491e+00	6.474e+00	5.285e+00	5.320e+00	5.018e+00	4.013e+00	4.702e+00	3.596e+00	3.526e+00	2.611e+00
11	19	6.362e+00	5.683e+00	5.673e+00	4.720e+00	5.061e+00	4.520e+00	4.432e+00	3.976e+00	4.327e+00	3.430e+00	3.819e+00	3.331e+00
11	20	6.134e+00	5.890e+00	5.691e+00	5.717e+00	5.358e+00	4.714e+00	4.796e+00	4.598e+00	4.228e+00	3.587e+00	3.924e+00	2.780e+00
12	0	6.929e+00	6.747e+00	6.413e+00	5.832e+00	5.414e+00	4.525e+00	4.554e+00	4.006e+00	4.029e+00	3.347e+00	3.540e+00	2.845e+00
12	1	6.429e+00	5.067e+00	5.872e+00	4.585e+00	4.387e+00	3.639e+00	4.387e+00	3.639e+00	3.752e+00	3.167e+00	3.693e+00	3.075e+00
12	2	5.513e+00	4.959e+00	5.071e+00	4.665e+00	4.545e+00	3.676e+00	4.542e+00	3.300e+00	4.476e+00	2.510e+00	4.098e+00	2.505e+00
12	3	5.520e+00	4.934e+00	5.019e+00	4.416e+00	4.643e+00	4.221e+00	4.643e+00	4.221e+00	3.555e+00	4.062e+00	3.488e+00	3.119e+00
12	4	7.022e+00	6.350e+00	5.742e+00	5.577e+00	5.606e+00	5.405e+00	5.108e+00	4.555e+00	4.243e+00	3.185e+00	3.701e+00	2.546e+00
12	5	6.254e+00	5.730e+00	4.810e+00	4.789e+00	4.810e+00	4.789e+00	4.746e+00	4.563e+00	4.330e+00	3.613e+00	3.879e+00	2.539e+00
12	6	6.110e+00	5.871e+00	5.478e+00	4.853e+00	5.286e+00	4.249e+00	5.286e+00	4.249e+00	4.026e+00	3.514e+00	4.026e+00	2.681e+00
12	7	5.723e+00	5.162e+00	5.723e+00	5.162e+00	4.833e+00	4.121e+00	4.548e+00	3.546e+00	4.548e+00	3.546e+00	3.633e+00	2.917e+00
12	8	6.874e+00	6.268e+00	6.453e+00	5.979e+00	6.031e+00	5.287e+00	4.620e+00	4.300e+00	4.566e+00	4.273e+00	3.178e+00	3.742e+00
12	9	5.798e+00	5.746e+00	5.127e+00	5.332e+00	5.127e+00	5.332e+00	4.772e+00	4.680e+00	3.983e+00	2.869e+00	3.709e+00	2.817e+00
12	10	6.057e+00	4.947e+00	5.861e+00	4.832e+00	5.396e+00	4.579e+00	4.758e+00	3.237e+00	4.525e+00	2.970e+00	3.698e+00	2.603e+00
12	11	6.140e+00	5.978e+00	5.143e+00	5.027e+00	4.546e+00	3.049e+00	4.546e+00	3.049e+00	3.796e+00	2.850e+00	3.767e+00	2.639e+00
12	12	6.407e+00	5.090e+00	5.791e+00	4.893e+00	4.854e+00	3.445e+00	4.644e+00	3.329e+00	4.119e+00	2.911e+00	4.070e+00	2.692e+00
12	13	6.372e+00	5.924e+00	5.930e+00	5.377e+00	4.867e+00	3.725e+00	4.438e+00	3.522e+00	3.862e+00	2.746e+00	3.383e+00	2.597e+00
12	14	5.034e+00	5.326e+00	4.807e+00	5.313e+00	4.807e+00	5.313e+00	4.636e+00	4.125e+00	3.580e+00	3.828e+00	3.467e+00	3.757e+00
12	15	6.897e+00	5.333e+00	5.963e+00	5.059e+00	5.657e+00	4.994e+00	4.768e+00	4.040e+00	4.714e+00	3.512e+00	3.844e+00	2.591e+00
12	16	7.190e+00	5.858e+00	5.769e+00	4.979e+00	5.171e+00	4.325e+00	4.856e+00	4.185e+00	4.609e+00	2.871e+00	4.324e+00	2.330e+00
12	17	6.327e+00	5.784e+00	5.763e+00	5.292e+00	5.299e+00	4.823e+00	4.995e+00	4.088e+00	4.646e+00	3.146e+00	3.704e+00	3.061e+00
12	18	6.443e+00	5.445e+00	5.468e+00	4.383e+00	5.263e+00	4.162e+00	4.377e+00	3.577e+00	4.040e+00	3.163e+00	3.942e+00	3.071e+00
12	19	6.661e+00	5.956e+00	5.782e+00	5.199e+00	5.266e+00	4.238e+00	4.121e+00	3.678e+00	4.121e+00	3.678e+00	3.140e+00	3.228e+00
12	20	6.816e+00	6.250e+00	5.490e+00	4.606e+00	5.490e+00	4.606e+00	4.600e+00	4.547e+00	4.214e+00	2.800e+00	4.036e+00	2.715e+00
13	0	6.738e+00	6.003e+00	6.100e+00	5.407e+00	5.355e+00	4.398e+00	5.355e+00	4.398e+00	4.649e+00	3.056e+00	4.414e+00	2.489e+00
13	1	6.307e+00	5.670e+00	4.933e+00	5.017e+00	4.482e+00	4.580e+00	4.128e+00	3.802e+00	4.057e+00	3.487e+00	3.315e+00	3.392e+00
13	2	6.940e+00	5.761e+00	5.273e+00	4.625e+00	5.062e+00	4.004e+00	4.893e+00	3.985e+00	3.979e+00	2.931e+00	3.947e+00	2.599e+00
13	3	5.673e+00	5.292e+00	5.167e+00	4.361e+00	4.342e+00	4.220e+00	4.342e+00	4.220e+00	4.252e+00	4.070e+00	3.261e+00	2.657e+00
13	4	7.400e+00	6.287e+00	6.746e+00	5.515e+00	5.984e+00	4.390e+00	5.984e+00	4.390e+00	4.689e+00	3.748e+00	3.229e+00	2.736e+00
13	5	6.085e+00	5.369e+00	5.580e+00	4.841e+00	5.264e+00	4.076e+00	5.264e+00	4.076e+00	4.192e+00	3.204e+00	3.561e+00	3.097e+00
13	6	6.326e+00	5.580e+00	6.326e+00	5.580e+00	5.165e+00	4.881e+00	4.731e+00	4.402e+00	4.002e+00	2.529e+00	4.002e+00	2.529e+00
13	7	6.486e+00	6.346e+00	5.109e+00	4.685e+00	4.783e+00	4.586e+00	4.709e+00	4.493e+00	4.562e+00	4.239e+00	3.244e+00	3.623e+00
13	8	6.481e+00	5.446e+00	6.481e+00	5.446e+00	5.568e+00	4.906e+00	5.253e+00	4.849e+00	4.332e+00	4.144e+00	3.727e+00	3.019e+00
13	9	6.372e+00	5.202e+00	6.372e+00	5.202e+00	6.214e+00	4.427e+00	6.214e+00	4.427e+00	4.300e+00	3.274e+00	3.775e+00	2.901e+00
13	10	6.811e+00	6.017e+00	5.641e+00	5.764e+00	4.897e+00	5.030e+00	4.897e+00	5.030e+00	3.890e+00	2.992e+00	3.499e+00	2.828e+00
13	11	5.991e+00	5.763e+00	5.802e+00	5.274e+00	5.186e+00	4.592e+00	4.469e+00	3.684e+00	4.454e+00	2.974e+00	3.851e+00	2.669e+00
13	12	5.529e+00	5.543e+00	5.372e+00	5.488e+00	4.011e+00	3.346e+00	4.011e+00	3.346e+00	3.806e+00	3.130e+00	3.588e+00	3.046e+00
13	13	7.066e+00	6.028e+00	6.166e+00	5.018e+00	5.513e+00	4.601e+00	5.028e+00	4.007e+00	4.733e+00	3.301e+00	3.499e+00	2.874e+00
13	14	6.551e+00	6.553e+00	5.888e+00	5.552e+00	5.331e+00	5.341e+00	4.699e+00	4.907e+00	4.059e+00	2.803e+00	3.738e+00	2.566e+00
13	15	6.510e+00	5.570e+00	6.230e+00	5.114e+00	6.230e+00	5.114e+00	4.022e+00	3.434e+00	4.022e+00	3.434e+00	3.539e+00	2.982e+00
13	16	6.567e+00	5.831e+00	5.977e+00	5.432e+00	5.107e+00	4.437e+00	4.335e+00	4.344e+00	4.023e+00	3.173e+00	3.634e+00	2.974e+00
13	17	6.557e+00	5.548e+00	6.304e+00	5.400e+00	5.211e+00	4.932e+00	5.048e+00	4.924e+00	3.513e+00	3.350e+00	3.513e+00	3.350e+00
13	18	6.503e+00	6.239e+00	5.887e+00	5.554e+00	5.086e+00	4.976e+00	4.062e+00	4.274e+00	3.918e+00	4.264e+00	3.127e+00	3.165e+00
13	19	6.061e+00	5.624e+00	6.061e+00	5.624e+00	4.838e+00	3.395e+00	4.753e+00	3.168e+00	4.184e+00	2.934e+00	4.137e+00	2.807e+00
13	20	6.036e+00	4.962e+00	5.451e+00	4.006e+00	5.451e+00	4.006e+00	5.151e+00	3.340e+00	5.037e+00	2.889e+00	4.315e+00	2.463e+00
14	0	6.822e+00	6.121e+00	5.761e+00	5.186e+00	5.550e+00	4.973e+00	4.595e+00	4.700e+00	3.914e+00	3.881e+00	3.419e+00	3.259e+00
14	1	7.885e+00	6.546e+00	5.459e+00	5.158e+00	4.986e+00	4.399e+00	4.345e+00	3.936e+00	4.106e+00	3.858e+00	3.569e+00	3.340e+00
14	2	6.142e+00	6.329e+00	5.454e+00	4.964e+00	4.852e+00	4.278e+00	4.852e+00	4.278e+00	4.756e+00	4.004e+00	3.271e+00	2.960e+00
14	3	6.190e+00	5.494e+00	5.710e+00	5.486e+00	5.324e+00	5.184e+00	4.774e+00	3.940e+00	4.181e+00	3.885e+00	3.379e+00	3.329e+00
14	4	7.190e+00	6.072e+00	5.682e+00	5.065e+00	5.682e+00	5.065e+00	4.822e+00	4.089e+00	4.329e+00	3.444e+00	3.340e+00	3.019e+00
14	5	6.091e+00	5.563e+00	5.965e+00	5.078e+00	5.692e+00	4.716e+00	5.295e+00	3.608e+00	5.168e+00	3.429e+00	4.076e+00	2.400e+00
14	6	6.917e+00	6.639e+00	5.479e+00	5.743e+00	5.195e+00	5.164e+00	3.975e+00	3.890e+00	3.975e+00	3.890e+00	3.837e+00	2.898e+00
14	7	6.455e+00	6.151e+00	6.403e+00	6.073e+00	5.531e+00	4.499e+00	5.270e+00	3.830e+00	4.801e+00	3.365e+00	3.953e+00	2.987e+00
14	8	6.771e+00	6.376e+00	6.320e+00	5.737e+00	4.759e+00	4.557e+00	4.631e+00	3.993e+00	3.974e+00	3.239e+00	3.603e+00	3.074e+00
14	9	6.084e+00	5.887e+00	5.903e+00	5.753e+00	4.997e+00	5.284e+00	4.546e+00	3.599e+00	3.845e+00	2.716e+00	3.845e+00	2.716e+00
14	10	6.480e+00	5.894e+00	6.111e+00	5.176e+00	5.400e+00	4.622e+00	5.093e+00	4.531e+00	4.336e+00	3.639e+00	3.755e+00	2.717e+00
14	11	5.693e+00	5.577e+00	5.551e+00	4.974e+00	5.088e+00	4.467e+00	5.088e+00	4.467e+00	4.092e+00	2.537e+00	4.092e+00	2.537e+00
14	12	5.784e+00	5.096e+00	5.784e+00	5.096e+00	5.088e+00	4.203e+00	4.382e+00	3.900e+00	4.308e+00	3.580e+00	3.426e+00	2.735e+00
14	13	6.484e+00	5.879e+00	5.838e+00	4.649e+00	5.838e+00	4.649e+00	5.655e+00	3.975e+00	4.689e+00	3.243e+00	3.841e+00	2.951e+00
14	14	7.270e+00	6.691e+00	5.717e+00	5.282e+00	5.271e+00	4.690e+00	5.018e+00	4.035e+00	4.355e+00	2.876e+00	3.977e+00	2.447e+00
14	15	7.211e+00	6.358e+00	6.646e+00	5.922e+00	5.543e+00	5.212e+00	4.624e+00	4.447e+00	4.014e+00	3.807e+00	3.582e+00	3.371e+00
14	16	6.223e+00	6.003e+00	5.289e+00	4.854e+00	4.645e+00	4.384e+00	3.825e+00	3.400e+00	3.825e+00	3.400e+00	3.741e+00	3.395e+00
14	17	5.960e+00	5.820e+00	5.865e+00	5.588e+00	4.622e+00	4.203e+00	4.622e+00	4.203e+00	4.007e+00	3.271e+00	3.661e+00	3.052e+00
14	18	6.141e+00	5.314e+00	5.464e+00	4.351e+00	5.464e+00	4.351e+00	4.687e+00	4.089e+00	4.153e+00	2.604e+00	3.834e+00	2.562e+00
14	19	6.395e+00	6.129e+00	5.703e+00	4.870e+00	5.703e+00	4.870e+00	4.707e+00	3.368e+00	4.347e+00	3.071e+00	3.684e+00	2.440e+00
14	20	7.237e+00	5.903e+00	5.633e+00	4.927e+00	5.315e+00	4.683e+00	4.818e+00	4.506e+00	4.242e+00	2.733e+00	4.057e+00	2.617e+00
15	0	7.029e+00	6.431e+00	6.314e+00	5.498e+00	5.248e+00	4.797e+00	4.272e+00	4.133e+00	3.941e+00	3.835e+00	3.112e+00	3.570e+00
15	1	5.729e+00	5.679e+00	5.729e+00	5.679e+00	4.870e+00	4.804e+00	4.338e+00	4.204e+00	3.720e+00	3.757e+00	3.317e+00	3.517e+00
15	2	6.807e+00	6.233e+00	5.508e+00	5.255e+00	5.508e+00	5.255e+00	4.720e+00	3.724e+00	4.264e+00	3.597e+00	3.255e+00	3.153e+00
15	3	5.874e+00	5.860e+00	5.625e+00	5.241e+00	4.973e+00	4.600e+00	4.973e+00	4.600e+00	4.084e+00	3.745e+00	2.902e+00	3.326e+00
15	4	6.302e+00	5.452e+00	5.253e+00	4.288e+00	5.253e+00	4.288e+00	5.008e+00	4.131e+00	3.589e+00	3.637e+00	3.108e+00	3.076e+00
15	5	6.543e+00	6.117e+00	6.514e+00	5.794e+00	4.905e+00	4.390e+00	4.905e+00	4.390e+00	3.532e+00	3.843e+00	3.436e+00	3.719e+00
15	6	6.479e+00	4.821e+00	6.196e+00	4.366e+00	4.843e+00	3.243e+00	4.840e+00	2.813e+00	4.840e+00	2.813e+00	3.543e+00	2.735e+00
15	7	7.016e+00	5.930e+00	5.973e+00	5.161e+00	4.739e+00	3.883e+00	4.739e+00	3.883e+00	3.901e+00	3.583e+00	3.118e+00	2.958e+00
15	8	6.031e+00	6.439e+00	5.693e+00	4.509e+00	4.645e+00	4.051e+00	4.564e+00	3.243e+00	4.259e+00	2.400e+00	4.259e+00	2.400e+00
15	9	6.326e+00	6.019e+00	5.420e+00	4.422e+00	4.885e+00	3.641e+00	4.411e+00	3.235e+00	4.053e+00	2.554e+00	4.053e+00	2.554e+00
15	10	6.177e+00	5.971e+00	5.724e+00	5.852e+00	4.592e+00	5.063e+00	4.384e+00	4.048e+00	3.733e+00	3.225e+00	3.650e+00	3.047e+00
15	11	7.093e+00	5.867e+00	6.468e+00	5.215e+00	5.578e+00	4.393e+00	5.071e+00	4.269e+00	4.100e+00	2.898e+00	3.899e+00	2.741e+00
15	12	6.436e+00	5.473e+00	6.236e+00	5.428e+00	5.319e+00	4.881e+00	4.420e+00	4.000e+00	4.412e+00	3.802e+00	3.911e+00	2.866e+00
15	13	6.751e+00	6.596e+00	6.238e+00	5.713e+00	5.699e+00	4.920e+00	5.695e+00	4.562e+00	3.918e+00	3.377e+00	3.404e+00	2.717e+00
15	14	6.611e+00	5.743e+00	6.174e+00	5.350e+00	5.841e+00	4.454e+00	5.395e+00	4.198e+00	4.424e+00	3.638e+00	3.980e+00	2.762e+00
15	15	6.934e+00	6.283e+00	5.603e+00	4.890e+00	5.603e+00	4.890e+00	5.232e+00	4.529e+00	3.887e+00	4.167e+00	3.498e+00	3.650e+00
15	16	5.857e+00	5.592e+00	5.173e+00	5.306e+00	4.038e+00	3.891e+00	3.509e+00	3.384e+00	3.509e+00	3.384e+00	2.971e+00	3.376e+00
15	17	6.474e+00	5.800e+00	5.523e+00	4.549e+00	3.950e+00	3.875e+00	3.950e+00	3.875e+00	3.950e+00	3.875e+00	3.382e+00	3.142e+00
15	18	6.562e+00	5.876e+00	5.598e+00	4.839e+00	5.354e+00	4.169e+00	4.804e+00	3.874e+00	4.265e+00	3.360e+00	3.724e+00	2.539e+00
15	19	6.718e+00	6.277e+00	5.661e+00	5.687e+00	5.423e+00	4.717e+00	4.785e+00	3.899e+00	4.626e+00	3.767e+00	3.785e+00	2.782e+00
15	20	6.479e+00	5.294e+00	5.919e+00	5.007e+00	4.989e+00	4.105e+00	4.989e+00	4.105e+00	3.972e+00	3.866e+00	3.188e+00	3.058e+00
16	0	6.685e+00	6.208e+00	6.003e+00	5.428e+00	4.594e+00	4.447e+00	3.678e+00	4.229e+00	3.678e+00	4.229e+00	3.214e+00	3.705e+00
16	1	6.386e+00	6.259e+00	6.171e+00	5.523e+00	5.166e+00	4.841e+00	4.905e+00	3.488e+00	4.410e+00	3.277e+00	3.998e+00	2.794e+00
16	2	6.501e+00	5.823e+00	5.455e+00	4.530e+00	5.007e+00	4.020e+00	4.520e+00	3.802e+00	4.030e+00	3.216e+00	3.342e+00	2.966e+00
16	3	7.495e+00	6.663e+00	5.734e+00	5.017e+00	5.099e+00	4.112e+00	4.841e+00	3.814e+00	3.934e+00	2.742e+00	3.934e+00	2.742e+00
16	4	6.472e+00	6.389e+00	5.388e+00	5.832e+00	5.009e+00	5.114e+00	4.490e+00	4.245e+00	3.317e+00	3.508e+00	3.017e+00	3.352e+00
16	5	6.774e+00	5.498e+00	6.428e+00	4.992e+00	5.560e+00	4.252e+00	4.656e+00	3.756e+00	3.821e+00	3.469e+00	3.630e+00	3.274e+00
16	6	5.611e+00	6.318e+00	4.888e+00	4.450e+00	4.888e+00	4.450e+00	4.211e+00	3.951e+00	3.997e+00	3.772e+00	3.180e+00	3.376e+00
16	7	7.069e+00	6.522e+00	4.964e+00	4.955e+00	4.300e+00	3.995e+00	3.534e+00	3.093e+00	3.534e+00	3.093e+00	3.534e+00	3.093e+00
16	8	6.560e+00	6.072e+00	5.203e+00	4.675e+00	5.058e+00	4.050e+00	5.045e+00	3.954e+00	4.703e+00	2.814e+00	4.124e+00	2.520e+00
16	9	6.720e+00	6.127e+00	6.240e+00	5.142e+00	4.943e+00	3.953e+00	4.675e+00	3.368e+00	4.270e+00	2.555e+00	4.270e+00	2.555e+00
16	10	5.962e+00	5.127e+00	5.866e+00	4.342e+00	5.373e+00	4.288e+00	5.373e+00	4.288e+00	4.222e+00	3.579e+00	4.091e+00	2.482e+00
16	11	5.356e+00	5.559e+00	4.778e+00	5.142e+00	4.778e+00	5.142e+00	4.431e+00	3.817e+00	4.246e+00	3.525e+00	3.805e+00	3.312e+00
16	12	7.187e+00	6.357e+00	6.239e+00	5.571e+00	5.287e+00	4.584e+00	4.915e+00	3.931e+00	4.397e+00	3.160e+00	3.578e+00	2.307e+00
16	13	7.544e+00	6.592e+00	6.157e+00	5.330e+00	5.883e+00	4.522e+00	4.761e+00	3.803e+00	4.414e+00	3.410e+00	4.060e+00	3.098e+00
16	14	6.234e+00	5.933e+00	5.677e+00	4.551e+00	5.630e+00	4.382e+00	5.213e+00	4.088e+00	5.209e+00	4.016e+00	3.378e+00	3.207e+00
16	15	6.675e+00	6.380e+00	5.976e+00	5.556e+00	4.898e+00	4.902e+00	4.740e+00	4.403e+00	3.696e+00	3.266e+00	3.696e+00	3.266e+00
16	16	6.813e+00	6.081e+00	5.952e+00	5.231e+00	4.505e+00	4.194e+00	4.503e+00	3.798e+00	4.346e+00	3.427e+00	3.397e+00	2.707e+00
16	17	5.914e+00	5.190e+00	5.816e+00	4.939e+00	4.525e+00	4.254e+00	4.234e+00	4.117e+00	4.075e+00	3.625e+00	3.080e+00	2.945e+00
16	18	6.855e+00	6.135e+00	6.278e+00	6.066e+00	4.813e+00	4.024e+00	4.387e+00	3.573e+00	4.108e+00	2.881e+00	3.854e+00	2.642e+00
16	19	6.111e+00	5.667e+00	5.690e+00	5.068e+00	4.968e+00	4.415e+00	4.955e+00	3.302e+00	4.575e+00	2.989e+00	3.660e+00	2.557e+00
16	20	6.098e+00	5.692e+00	5.607e+00	5.473e+00	4.442e+00	4.444e+00	4.195e+00	4.431e+00	3.483e+00	3.139e+00	3.455e+00	2.927e+00
17	0	7.189e+00	6.715e+00	5.522e+00	4.942e+00	5.282e+00	4.935e+00	4.866e+00	3.823e+00	4.866e+00	3.823e+00	3.721e+00	2.836e+00
17	1	7.355e+00	6.567e+00	6.869e+00	6.143e+00	5.069e+00	4.333e+00	4.430e+00	3.723e+00	3.969e+00	3.689e+00	3.610e+00	3.177e+00
17	2	6.820e+00	5.250e+00	6.820e+00	5.250e+00	5.566e+00	4.462e+00	5.516e+00	4.132e+00	4.703e+00	3.370e+00	3.411e+00	2.684e+00
17	3	6.737e+00	5.462e+00	6.192e+00	4.681e+00	5.694e+00	4.469e+00	5.184e+00	3.637e+00	5.180e+00	3.411e+00	4.084e+00	2.645e+00
17	4	5.431e+00	5.501e+00	5.229e+00	5.367e+00	5.229e+00	5.367e+00	3.963e+00	3.608e+00	3.963e+00	3.608e+00	3.631e+00	3.177e+00
17	5	6.165e+00	5.746e+00	5.768e+00	5.423e+00	5.159e+00	4.902e+00	4.808e+00	4.724e+00	3.768e+00	3.683e+00	3.300e+00	3.350e+00
17	6	7.678e+00	6.688e+00	5.883e+00	5.916e+00	4.222e+00	4.529e+00	4.222e+00	4.529e+00	3.877e+00	3.446e+00	3.590e+00	3.140e+00
17	7	5.741e+00	5.348e+00	5.464e+00	5.049e+00	5.464e+00	5.049e+00	4.834e+00	4.404e+00	3.580e+00	3.436e+00	3.458e+00	3.240e+00
17	8	5.911e+00	5.564e+00	5.392e+00	4.843e+00	5.138e+00	4.031e+00	4.994e+00	3.310e+00	3.916e+00	3.303e+00	3.449e+00	2.978e+00
17	9	5.713e+00	5.171e+00	5.462e+00	4.770e+00	5.159e+00	4.701e+00	3.878e+00	4.245e+00	3.519e+00	4.158e+00	3.365e+00	3.755e+00
17	10	6.284e+00	6.055e+00	4.846e+00	5.284e+00	4.846e+00	5.284e+00	4.441e+00	4.258e+00	4.441e+00	4.258e+00	3.608e+00	3.091e+00
17	11	7.880e+00	6.591e+00	6.798e+00	5.697e+00	6.385e+00	5.436e+00	4.981e+00	4.036e+00	3.980e+00	3.129e+00	3.980e+00	3.129e+00
17	12	5.263e+00	5.268e+00	4.877e+00	4.977e+00	4.877e+00	4.977e+00	4.877e+00	4.977e+00	4.877e+00	4.977e+00	3.949e+00	2.863e+00
17	13	6.313e+00	5.496e+00	5.908e+00	5.252e+00	4.967e+00	5.046e+00	4.932e+00	4.972e+00	3.935e+00	3.420e+00	3.277e+00	2.734e+00
17	14	6.151e+00	6.294e+00	5.748e+00	5.766e+00	5.078e+00	4.923e+00	4.319e+00	3.862e+00	4.319e+00	3.862e+00	3.588e+00	2.781e+00
17	15	6.063e+00	6.054e+00	5.549e+00	5.754e+00	5.063e+00	4.819e+00	5.063e+00	4.819e+00	4.516e+00	4.208e+00	3.434e+00	3.166e+00
17	16	5.909e+00	5.966e+00	5.274e+00	5.592e+00	5.157e+00	5.443e+00	5.084e+00	5.354e+00	3.809e+00	4.002e+00	3.537e+00	3.619e+00
17	17	7.019e+00	5.995e+00	6.092e+00	4.824e+00	5.744e+00	4.796e+00	5.311e+00	4.118e+00	4.265e+00	3.571e+00	2.582e+00	3.170e+00
17	18	6.479e+00	6.175e+00	5.817e+00	5.248e+00	5.085e+00	4.942e+00	4.562e+00	3.736e+00	3.706e+00	3.545e+00	3.099e+00	3.022e+00
17	19	5.930e+00	5.371e+00	5.248e+00	4.881e+00	4.699e+00	4.522e+00	4.362e+00	3.314e+00	4.151e+00	2.400e+00	4.151e+00	2.400e+00
17	20	6.272e+00	5.604e+00	6.066e+00	5.463e+00	4.666e+00	4.029e+00	4.666e+00	4.029e+00	4.328e+00	3.884e+00	3.189e+00	2.701e+00
18	0	6.853e+00	5.393e+00	6.324e+00	5.057e+00	5.869e+00	4.602e+00	4.762e+00	3.740e+00	4.557e+00	3.664e+00	3.638e+00	2.510e+00
18	1	7.089e+00	6.301e+00	6.415e+00	5.967e+00	5.148e+00	5.041e+00	4.648e+00	3.861e+00	4.599e+00	3.632e+00	4.037e+00	2.654e+00
18	2	6.467e+00	5.608e+00	5.832e+00	5.041e+00	5.554e+00	4.951e+00	5.346e+00	3.850e+00	4.049e+00	3.629e+00	3.392e+00	3.022e+00
18	3	6.689e+00	6.504e+00	5.837e+00	5.234e+00	5.837e+00	5.234e+00	5.733e+00	5.059e+00	4.096e+00	4.212e+00	3.683e+00	3.408e+00
18	4	5.750e+00	5.658e+00	5.513e+00	5.130e+00	4.586e+00	4.451e+00	4.586e+00	4.451e+00	3.699e+00	3.651e+00	3.573e+00	2.449e+00
18	5	6.377e+00	5.209e+00	6.104e+00	4.773e+00	6.074e+00	4.591e+00	4.704e+00	4.293e+00	3.475e+00	3.214e+00	3.457e+00	2.616e+00
18	6	5.505e+00	6.210e+00	5.257e+00	5.260e+00	5.054e+00	4.867e+00	4.010e+00	4.026e+00	3.601e+00	3.465e+00	3.428e+00	3.152e+00
18	7	6.018e+00	5.587e+00	5.783e+00	5.212e+00	5.077e+00	4.534e+00	4.721e+00	4.006e+00	4.100e+00	3.432e+00	3.357e+00	3.193e+00
18	8	6.732e+00	5.791e+00	5.883e+00	5.035e+00	4.653e+00	4.099e+00	4.161e+00	3.128e+00	4.161e+00	3.128e+00	3.725e+00	2.967e+00
18	9	7.287e+00	5.842e+00	6.681e+00	5.244e+00	4.663e+00	3.791e+00	4.663e+00	3.791e+00	4.642e+00	3.195e+00	3.739e+00	3.103e+00
18	10	5.834e+00	4.684e+00	5.552e+00	4.115e+00	5.473e+00	4.105e+00	4.704e+00	3.231e+00	4.541e+00	3.219e+00	3.880e+00	2.863e+00
18	11	6.628e+00	6.301e+00	6.172e+00	5.840e+00	5.697e+00	5.349e+00	4.747e+00	4.615e+00	4.089e+00	3.870e+00	3.659e+00	3.762e+00
18	12	5.797e+00	4.932e+00	5.703e+00	4.551e+00	5.134e+00	4.487e+00	4.606e+00	4.236e+00	4.057e+00	3.036e+00	3.522e+00	2.883e+00
18	13	6.228e+00	5.736e+00	5.830e+00	4.972e+00	5.495e+00	4.969e+00	4.950e+00	3.868e+00	3.885e+00	3.013e+00	3.303e+00	2.480e+00
18	14	6.946e+00	5.854e+00	5.854e+00	4.895e+00	5.069e+00	4.355e+00	4.848e+00	3.340e+00	4.848e+00	3.340e+00	4.092e+00	2.939e+00
18	15	5.843e+00	4.954e+00	5.332e+00	4.776e+00	5.229e+00	4.234e+00	5.060e+00	3.907e+00	4.488e+00	3.532e+00	2.986e+00	3.092e+00
18	16	6.578e+00	5.613e+00	6.128e+00	5.054e+00	6.128e+00	5.054e+00	4.972e+00	4.647e+00	4.241e+00	3.432e+00	3.934e+00	2.743e+00
18	17	6.682e+00	5.620e+00	5.802e+00	5.174e+00	5.202e+00	4.937e+00	4.972e+00	4.201e+00	4.442e+00	3.534e+00	3.699e+00	2.790e+00
18	18	6.825e+00	6.145e+00	6.056e+00	5.385e+00	4.771e+00	4.896e+00	4.457e+00	4.342e+00	3.961e+00	2.280e+00	3.780e+00	2.047e+00
18	19	6.525e+00	5.805e+00	5.258e+00	5.165e+00	4.999e+00	4.335e+00	4.900e+00	4.203e+00	4.117e+00	4.072e+00	3.283e+00	2.664e+00
18	20	6.587e+00	6.175e+00	5.719e+00	4.929e+00	5.660e+00	4.876e+00	4.703e+00	3.325e+00	4.703e+00	3.325e+00	4.529e+00	3.000e+00
19	0	6.572e+00	5.944e+00	4.837e+00	4.740e+00	4.748e+00	4.533e+00	4.748e+00	4.533e+00	4.330e+00	3.366e+00	3.557e+00	3.252e+00
19	1	6.971e+00	6.208e+00	5.414e+00	5.159e+00	4.882e+00	4.102e+00	4.882e+00	4.102e+00	4.554e+00	3.703e+00	3.761e+00	2.784e+00
19	2	6.877e+00	6.371e+00	6.082e+00	6.038e+00	5.203e+00	5.038e+00	4.609e+00	3.470e+00	4.609e+00	3.470e+00	3.801e+00	3.078e+00
19	3	5.885e+00	5.201e+00	5.885e+00	5.201e+00	5.499e+00	4.821e+00	4.141e+00	4.070e+00	4.127e+00	3.822e+00	3.402e+00	3.534e+00
19	4	6.451e+00	5.611e+00	6.230e+00	4.966e+00	5.150e+00	4.190e+00	3.677e+00	3.300e+00	3.677e+00	3.300e+00	3.677e+00	3.300e+00
19	5	7.090e+00	5.966e+00	6.143e+00	5.358e+00	5.535e+00	5.012e+00	4.154e+00	4.024e+00	4.144e+00	3.847e+00	3.353e+00	3.520e+00
19	6	6.621e+00	6.416e+00	6.071e+00	5.835e+00	4.906e+00	4.968e+00	4.523e+00	4.724e+00	3.581e+00	3.967e+00	3.453e+00	3.426e+00
19	7	7.469e+00	6.431e+00	6.291e+00	5.671e+00	6.291e+00	5.671e+00	4.250e+00	3.832e+00	4.156e+00	3.131e+00	4.032e+00	2.954e+00
19	8	6.175e+00	5.695e+00	6.175e+00	5.695e+00	4.939e+00	4.584e+00	4.161e+00	3.783e+00	4.161e+00	3.783e+00	3.597e+00	2.811e+00
19	9	6.227e+00	5.895e+00	5.955e+00	5.473e+00	5.843e+00	4.488e+00	5.068e+00	3.496e+00	4.780e+00	2.992e+00	3.737e+00	2.748e+00
19	10	7.117e+00	6.653e+00	5.600e+00	5.483e+00	5.070e+00	4.721e+00	4.340e+00	3.471e+00	4.255e+00	2.857e+00	4.247e+00	2.842e+00
19	11	6.730e+00	5.934e+00	5.967e+00	4.867e+00	5.967e+00	4.867e+00	4.537e+00	4.260e+00	3.426e+00	3.387e+00	3.312e+00	3.336e+00
19	12	6.788e+00	5.897e+00	6.788e+00	5.897e+00	5.709e+00	5.039e+00	4.768e+00	3.888e+00	4.051e+00	3.456e+00	3.789e+00	2.890e+00
19	13	5.760e+00	5.818e+00	5.522e+00	5.633e+00	5.182e+00	4.836e+00	5.011e+00	4.251e+00	4.718e+00	3.598e+00	4.134e+00	2.730e+00
19	14	6.108e+00	5.890e+00	5.534e+00	5.560e+00	4.753e+00	5.300e+00	4.753e+00	5.300e+00	3.815e+00	3.828e+00	3.805e+00	3.394e+00
19	15	6.343e+00	6.111e+00	5.799e+00	5.059e+00	5.787e+00	4.763e+00	5.015e+00	4.584e+00	4.420e+00	3.968e+00	4.154e+00	2.969e+00
19	16	5.664e+00	5.020e+00	5.277e+00	4.792e+00	4.949e+00	4.732e+00	4.949e+00	4.732e+00	3.733e+00	3.920e+00	3.672e+00	3.707e+00
19	17	6.389e+00	6.003e+00	5.858e+00	5.596e+00	5.167e+00	4.493e+00	4.835e+00	4.280e+00	4.095e+00	3.432e+00	3.736e+00	3.189e+00
19	18	6.292e+00	6.262e+00	5.705e+00	4.862e+00	4.915e+00	4.577e+00	4.618e+00	4.450e+00	3.707e+00	3.350e+00	3.223e+00	3.292e+00
19	19	6.219e+00	6.182e+00	5.722e+00	5.927e+00	4.651e+00	4.003e+00	4.651e+00	4.003e+00	4.257e+00	3.673e+00	3.517e+00	2.699e+00
19	20	6.404e+00	5.364e+00	5.988e+00	5.199e+00	4.494e+00	4.344e+00	4.092e+00	4.080e+00	3.720e+00	3.817e+00	3.450e+00	3.209e+00
20	0	5.115e+00	4.676e+00	5.115e+00	4.676e+00	4.760e+00	4.292e+00	4.498e+00	4.119e+00	4.198e+00	3.849e+00	3.866e+00	3.090e+00
20	1	6.499e+00	6.383e+00	5.472e+00	5.273e+00	4.778e+00	4.782e+00	4.778e+00	4.782e+00	3.955e+00	3.191e+00	3.946e+00	3.143e+00
20	2	5.470e+00	5.313e+00	5.470e+00	5.313e+00	5.063e+00	5.161e+00	4.792e+00	4.853e+00	3.852e+00	3.911e+00	3.586e+00	3.163e+00
20	3	6.663e+00	6.218e+00	6.081e+00	5.455e+00	4.456e+00	3.958e+00	4.456e+00	3.958e+00	4.260e+00	3.430e+00	3.786e+00	3.349e+00
20	4	6.173e+00	5.185e+00	5.645e+00	4.498e+00	5.041e+00	4.127e+00	4.214e+00	3.560e+00	4.124e+00	3.295e+00	3.543e+00	3.215e+00
20	5	5.413e+00	5.810e+00	5.144e+00	5.716e+00	4.466e+00	4.751e+00	4.178e+00	4.305e+00	3.518e+00	4.023e+00	3.301e+00	3.748e+00
20	6	6.140e+00	6.028e+00	5.769e+00	5.909e+00	4.067e+00	3.690e+00	4.067e+00	3.690e+00	4.041e+00	3.554e+00	3.611e+00	3.290e+00
20	7	6.000e+00	5.839e+00	5.630e+00	5.399e+00	4.558e+00	5.248e+00	3.705e+00	4.471e+00	2.808e+00	3.950e+00	2.808e+00	3.950e+00
20	8	7.415e+00	6.439e+00	6.146e+00	4.718e+00	5.620e+00	4.154e+00	5.620e+00	4.154e+00	3.586e+00	3.339e+00	2.846e+00	3.256e+00
20	9	5.774e+00	5.441e+00	4.832e+00	4.591e+00	4.832e+00	4.591e+00	4.832e+00	4.591e+00	3.721e+00	4.378e+00	3.508e+00	3.419e+00
20	10	6.063e+00	5.297e+00	6.045e+00	5.040e+00	5.132e+00	4.688e+00	5.095e+00	4.571e+00	4.241e+00	3.739e+00	3.368e+00	3.369e+00
20	11	7.084e+00	6.597e+00	5.420e+00	5.326e+00	4.884e+00	5.048e+00	4.884e+00	5.048e+00	3.928e+00	3.806e+00	2.776e+00	3.432e+00
20	12	5.988e+00	4.975e+00	5.988e+00	4.975e+00	5.701e+00	4.938e+00	5.260e+00	4.768e+00	4.560e+00	3.977e+00	3.754e+00	3.258e+00
20	13	6.306e+00	5.882e+00	6.146e+00	5.818e+00	5.419e+00	5.336e+00	5.141e+00	5.010e+00	3.519e+00	3.715e+00	3.311e+00	3.589e+00
20	14	6.415e+00	6.060e+00	5.804e+00	5.464e+00	5.717e+00	5.234e+00	4.376e+00	4.641e+00	4.021e+00	4.118e+00	3.845e+00	3.359e+00
20	15	7.174e+00	6.273e+00	5.907e+00	5.899e+00	5.520e+00	4.913e+00	5.197e+00	4.295e+00	3.517e+00	3.543e+00	3.485e+00	3.465e+00
20	16	7.157e+00	6.579e+00	5.436e+00	5.075e+00	4.438e+00	3.941e+00	3.969e+00	3.768e+00	3.564e+00	3.581e+00	3.210e+00	3.030e+00
20	17	6.931e+00	5.977e+00	5.820e+00	5.327e+00	5.198e+00	3.925e+00	5.198e+00	3.925e+00	4.297e+00	3.041e+00	3.770e+00	2.940e+00
20	18	6.991e+00	6.290e+00	5.032e+00	5.349e+00	4.585e+00	5.338e+00	3.992e+00	4.325e+00	3.825e+00	3.448e+00	3.472e+00	2.533e+00
20	19	6.894e+00	6.522e+00	4.659e+00	4.928e+00	4.659e+00	4.928e+00	4.041e+00	3.623e+00	3.799e+00	3.505e+00	3.547e+00	2.707e+00
20	20	6.459e+00	6.860e+00	5.204e+00	4.905e+00	4.152e+00	2.959e+00	4.152e+00	2.959e+00	4.152e+00	2.959e+00	3.944e+00	2.773e+00
