_.mt2mo.circularPointsAiming.10.2.nsga2	_.mt2mo.circularPointsAiming.10.2.cabea.cc.11	_.mt2mo.circularPointsAiming.10.2.cabea.e.21	_.mt2mo.circularPointsAiming.10.2.cabea.e.11	_.mt2mo.circularPointsAiming.10.2.cabea.cc.21	_.mt2mo.circularPointsAiming.10.2.ga	_.mt2mo.circularPointsAiming.10.2.ga.33	_.mt2mo.circularPointsAiming.10.2.me.2	_.mt2mo.circularPointsAiming.25.2.nsga2	_.mt2mo.circularPointsAiming.25.2.cabea.cc.11	_.mt2mo.circularPointsAiming.25.2.cabea.e.21	_.mt2mo.circularPointsAiming.25.2.cabea.e.11	_.mt2mo.circularPointsAiming.25.2.cabea.cc.21	_.mt2mo.circularPointsAiming.25.2.ga	_.mt2mo.circularPointsAiming.25.2.ga.33	_.mt2mo.circularPointsAiming.25.2.me.2	_.mt2mo.circularPointsAiming.50.2.nsga2	_.mt2mo.circularPointsAiming.50.2.cabea.cc.11	_.mt2mo.circularPointsAiming.50.2.cabea.e.21	_.mt2mo.circularPointsAiming.50.2.cabea.e.11	_.mt2mo.circularPointsAiming.50.2.cabea.cc.21	_.mt2mo.circularPointsAiming.50.2.ga	_.mt2mo.circularPointsAiming.50.2.ga.33	_.mt2mo.circularPointsAiming.50.2.me.2
2.594e+01	1.661e+01	1.869e+01	1.768e+01	1.659e+01	1.557e+01	1.629e+01	1.807e+01	2.355e+01	1.866e+01	1.877e+01	1.807e+01	1.996e+01	1.563e+01	1.570e+01	1.625e+01	1.672e+01	1.053e+01	1.014e+01	1.093e+01	7.684e+00	1.207e+01	1.213e+01	5.726e+00
2.604e+01	1.746e+01	1.863e+01	1.746e+01	1.760e+01	1.624e+01	1.586e+01	1.807e+01	2.331e+01	1.831e+01	1.759e+01	1.893e+01	1.842e+01	1.707e+01	1.630e+01	1.529e+01	1.641e+01	1.015e+01	7.576e+00	1.062e+01	8.114e+00	1.266e+01	1.266e+01	4.638e+00
2.714e+01	1.796e+01	1.723e+01	1.764e+01	1.804e+01	1.462e+01	1.537e+01	1.780e+01	2.379e+01	1.904e+01	1.764e+01	1.779e+01	1.818e+01	1.605e+01	1.590e+01	1.817e+01	1.628e+01	1.103e+01	8.384e+00	1.090e+01	8.426e+00	1.263e+01	1.317e+01	7.393e+00
2.650e+01	1.714e+01	1.791e+01	1.813e+01	1.853e+01	1.559e+01	1.529e+01	1.752e+01	2.370e+01	1.944e+01	1.765e+01	2.034e+01	1.722e+01	1.632e+01	1.534e+01	1.607e+01	1.553e+01	1.163e+01	7.992e+00	1.041e+01	8.320e+00	1.248e+01	1.280e+01	7.010e+00
2.694e+01	1.747e+01	1.772e+01	1.864e+01	1.771e+01	1.361e+01	1.546e+01	1.792e+01	2.297e+01	1.945e+01	1.828e+01	1.851e+01	1.775e+01	1.572e+01	1.600e+01	1.601e+01	1.648e+01	1.053e+01	6.851e+00	9.834e+00	8.718e+00	1.289e+01	1.380e+01	4.999e+00
2.664e+01	1.691e+01	1.817e+01	1.735e+01	1.794e+01	1.531e+01	1.620e+01	1.900e+01	2.368e+01	1.908e+01	1.710e+01	1.851e+01	1.807e+01	1.580e+01	1.578e+01	1.755e+01	1.704e+01	1.007e+01	6.956e+00	1.076e+01	8.350e+00	1.261e+01	1.250e+01	6.316e+00
2.607e+01	1.737e+01	1.704e+01	1.698e+01	1.767e+01	1.582e+01	1.510e+01	2.080e+01	2.319e+01	1.951e+01	1.875e+01	1.940e+01	1.929e+01	1.687e+01	1.580e+01	1.757e+01	1.589e+01	1.119e+01	7.405e+00	9.320e+00	8.227e+00	1.238e+01	1.254e+01	4.582e+00
2.739e+01	1.667e+01	1.776e+01	1.695e+01	1.767e+01	1.504e+01	1.545e+01	1.769e+01	2.439e+01	1.893e+01	1.803e+01	1.804e+01	1.928e+01	1.589e+01	1.560e+01	1.529e+01	1.708e+01	1.129e+01	8.742e+00	1.041e+01	8.103e+00	1.301e+01	1.277e+01	5.448e+00
2.680e+01	1.792e+01	1.742e+01	1.719e+01	1.829e+01	1.566e+01	1.500e+01	1.863e+01	2.319e+01	1.797e+01	1.770e+01	2.028e+01	1.839e+01	1.570e+01	1.622e+01	1.821e+01	1.762e+01	1.070e+01	7.611e+00	1.056e+01	9.736e+00	1.287e+01	1.273e+01	6.311e+00
2.658e+01	1.669e+01	1.868e+01	1.748e+01	1.766e+01	1.467e+01	1.497e+01	1.861e+01	2.229e+01	1.853e+01	1.765e+01	1.847e+01	1.768e+01	1.534e+01	1.533e+01	1.806e+01	1.622e+01	1.106e+01	7.736e+00	1.033e+01	8.452e+00	1.287e+01	1.295e+01	5.728e+00
2.663e+01	1.626e+01	1.731e+01	1.705e+01	1.934e+01	1.700e+01	1.480e+01	1.767e+01	2.239e+01	1.913e+01	1.672e+01	1.919e+01	1.767e+01	1.649e+01	1.560e+01	1.654e+01	1.782e+01	9.799e+00	8.672e+00	1.051e+01	9.013e+00	1.299e+01	1.255e+01	6.707e+00
2.739e+01	1.629e+01	1.731e+01	1.778e+01	1.777e+01	1.575e+01	1.454e+01	1.833e+01	2.313e+01	1.917e+01	1.703e+01	1.907e+01	1.737e+01	1.530e+01	1.589e+01	1.680e+01	1.883e+01	1.107e+01	8.008e+00	1.137e+01	9.711e+00	1.272e+01	1.198e+01	3.878e+00
2.679e+01	1.670e+01	1.931e+01	1.676e+01	1.700e+01	1.527e+01	1.536e+01	1.825e+01	2.455e+01	1.767e+01	1.790e+01	1.832e+01	2.008e+01	1.577e+01	1.623e+01	1.625e+01	1.640e+01	1.164e+01	8.528e+00	9.520e+00	7.607e+00	1.242e+01	1.234e+01	5.662e+00
2.657e+01	1.659e+01	1.805e+01	1.701e+01	1.813e+01	1.458e+01	1.421e+01	1.729e+01	2.340e+01	1.836e+01	1.782e+01	1.884e+01	1.770e+01	1.623e+01	1.524e+01	1.950e+01	1.642e+01	1.017e+01	7.542e+00	9.083e+00	7.226e+00	1.291e+01	1.194e+01	4.338e+00
2.626e+01	1.637e+01	1.888e+01	1.684e+01	1.792e+01	1.419e+01	1.547e+01	1.882e+01	2.309e+01	1.717e+01	1.922e+01	1.782e+01	1.763e+01	1.593e+01	1.527e+01	1.622e+01	1.917e+01	1.219e+01	6.963e+00	1.173e+01	7.578e+00	1.285e+01	1.294e+01	7.944e+00
2.647e+01	1.693e+01	1.798e+01	1.856e+01	1.695e+01	1.528e+01	1.540e+01	1.746e+01	2.469e+01	1.763e+01	1.734e+01	1.782e+01	1.805e+01	1.625e+01	1.572e+01	1.600e+01	1.587e+01	1.003e+01	8.576e+00	9.482e+00	8.419e+00	1.269e+01	1.247e+01	5.202e+00
2.676e+01	1.725e+01	1.803e+01	1.683e+01	1.670e+01	1.547e+01	1.553e+01	2.128e+01	2.294e+01	1.928e+01	1.756e+01	1.840e+01	1.827e+01	1.723e+01	1.553e+01	1.739e+01	1.730e+01	1.044e+01	6.765e+00	1.087e+01	8.863e+00	1.317e+01	1.227e+01	4.979e+00
2.695e+01	1.727e+01	1.874e+01	1.683e+01	1.809e+01	1.569e+01	1.506e+01	1.673e+01	2.329e+01	1.876e+01	1.720e+01	1.733e+01	1.819e+01	1.572e+01	1.535e+01	1.647e+01	1.815e+01	1.005e+01	7.725e+00	1.052e+01	7.384e+00	1.268e+01	1.284e+01	6.189e+00
2.699e+01	1.763e+01	1.753e+01	1.944e+01	1.738e+01	1.489e+01	1.481e+01	1.600e+01	2.376e+01	1.889e+01	1.900e+01	1.893e+01	1.903e+01	1.559e+01	1.633e+01	1.642e+01	1.648e+01	9.594e+00	7.183e+00	1.052e+01	8.565e+00	1.317e+01	1.244e+01	2.770e+00
2.690e+01	1.881e+01	1.738e+01	1.666e+01	1.724e+01	1.632e+01	1.610e+01	1.741e+01	2.346e+01	1.868e+01	1.790e+01	1.887e+01	1.765e+01	1.597e+01	1.601e+01	1.544e+01	1.866e+01	9.704e+00	7.616e+00	1.011e+01	7.159e+00	1.292e+01	1.277e+01	5.606e+00
2.696e+01	1.695e+01	1.760e+01	1.627e+01	1.822e+01	1.471e+01	1.417e+01	1.846e+01	2.278e+01	1.855e+01	1.851e+01	1.907e+01	1.769e+01	1.673e+01	1.603e+01	1.575e+01	1.585e+01	8.916e+00	7.744e+00	1.007e+01	7.209e+00	1.309e+01	1.335e+01	5.792e+00
2.712e+01	1.727e+01	1.818e+01	1.786e+01	1.781e+01	1.424e+01	1.522e+01	1.828e+01	2.316e+01	1.835e+01	1.779e+01	1.723e+01	1.885e+01	1.669e+01	1.600e+01	1.627e+01	1.572e+01	1.016e+01	9.375e+00	1.118e+01	9.924e+00	1.262e+01	1.236e+01	4.545e+00
2.694e+01	1.831e+01	1.880e+01	1.714e+01	1.702e+01	1.572e+01	1.511e+01	1.984e+01	2.401e+01	1.862e+01	1.846e+01	1.882e+01	1.814e+01	1.625e+01	1.579e+01	1.596e+01	1.768e+01	9.860e+00	7.780e+00	9.968e+00	7.895e+00	1.258e+01	1.282e+01	2.879e+00
2.606e+01	1.807e+01	1.703e+01	1.784e+01	1.843e+01	1.518e+01	1.503e+01	1.785e+01	2.381e+01	1.826e+01	1.742e+01	1.889e+01	1.911e+01	1.550e+01	1.556e+01	1.590e+01	1.525e+01	1.127e+01	7.020e+00	8.586e+00	9.205e+00	1.209e+01	1.196e+01	4.022e+00
2.637e+01	1.598e+01	1.753e+01	1.857e+01	1.748e+01	1.472e+01	1.517e+01	1.717e+01	2.234e+01	1.868e+01	1.872e+01	1.784e+01	1.956e+01	1.638e+01	1.607e+01	1.714e+01	1.679e+01	1.092e+01	7.840e+00	1.007e+01	7.611e+00	1.309e+01	1.247e+01	5.136e+00
2.628e+01	1.667e+01	1.771e+01	1.709e+01	1.759e+01	1.408e+01	1.500e+01	1.966e+01	2.399e+01	1.965e+01	1.794e+01	1.819e+01	1.778e+01	1.575e+01	1.551e+01	1.645e+01	1.625e+01	1.113e+01	7.366e+00	9.915e+00	7.577e+00	1.274e+01	1.201e+01	3.450e+00
2.694e+01	1.727e+01	1.731e+01	1.659e+01	1.800e+01	1.529e+01	1.606e+01	1.689e+01	2.303e+01	1.946e+01	1.905e+01	1.827e+01	2.059e+01	1.567e+01	1.535e+01	1.769e+01	1.643e+01	1.044e+01	8.210e+00	1.070e+01	8.577e+00	1.278e+01	1.213e+01	3.424e+00
2.659e+01	1.722e+01	1.758e+01	1.750e+01	1.866e+01	1.572e+01	1.441e+01	2.101e+01	2.241e+01	1.872e+01	1.871e+01	1.828e+01	1.876e+01	1.599e+01	1.630e+01	1.617e+01	1.556e+01	9.025e+00	7.791e+00	1.011e+01	6.099e+00	1.267e+01	1.178e+01	3.324e+00
2.673e+01	1.741e+01	1.796e+01	1.776e+01	1.733e+01	1.542e+01	1.565e+01	1.871e+01	2.303e+01	1.805e+01	1.913e+01	1.797e+01	1.721e+01	1.624e+01	1.585e+01	1.546e+01	1.663e+01	1.066e+01	7.870e+00	1.132e+01	7.432e+00	1.273e+01	1.262e+01	6.491e+00
2.760e+01	1.720e+01	1.818e+01	1.643e+01	1.735e+01	1.469e+01	1.537e+01	1.781e+01	2.331e+01	1.853e+01	1.754e+01	1.687e+01	2.047e+01	1.582e+01	1.608e+01	1.547e+01	1.571e+01	1.088e+01	6.928e+00	1.046e+01	8.224e+00	1.319e+01	1.262e+01	5.799e+00
